Sample	Human counts	Human percentage	total_reads	Mouse counts	Mouse percentage	Ecoli counts	Ecoli percentage	PhiX counts	PhiX percentage	No hits counts	No hits percentage
SRR1795021_1_screen	7053	7.05	99997	96765	96.77	1	0.0	81	0.08	3109	3.11
SRR1795021_2_screen	7528	7.529999999999999	99997	96136	96.13999999999999	1	0.0	82	0.08	3719	3.72
SRR1795022_1_screen	7024	7.029999999999999	99891	96382	96.48	2	0.0	78	0.08	3376	3.38
SRR1795022_2_screen	7223	7.24	99891	95790	95.88999999999999	2	0.0	74	0.07	3955	3.96
SRR1795023_1_screen	6817	6.8100000000000005	100038	96510	96.47000000000001	0	0.0	67	0.07	3421	3.42
SRR1795023_2_screen	7299	7.3	100038	95940	95.91000000000001	0	0.0	65	0.06	3971	3.97
SRR1795024_1_screen	7020	7.01	100111	96363	96.25999999999999	0	0.0	52	0.05	3644	3.64
SRR1795024_2_screen	5943	5.93	100111	92631	92.52	0	0.0	46	0.05	7368	7.36
SRR1795025_1_screen	7183	7.2	99871	96355	96.47999999999999	0	0.0	96	0.1	3375	3.38
SRR1795025_2_screen	7478	7.48	99871	95589	95.71	0	0.0	93	0.09	4134	4.14
SRR1795026_1_screen	7039	7.04	99986	96325	96.34	1	0.0	56	0.06	3569	3.57
SRR1795026_2_screen	6235	6.24	99986	92892	92.91	1	0.0	51	0.05	6959	6.96
SRR1795027_1_screen	6967	6.9799999999999995	99885	96511	96.62	0	0.0	56	0.06	3266	3.27
SRR1795027_2_screen	7182	7.1899999999999995	99885	95725	95.83999999999999	0	0.0	44	0.04	4055	4.06
SRR1795028_1_screen	7104	7.11	99954	96436	96.47999999999999	0	0.0	36	0.04	3438	3.44
SRR1795028_2_screen	7369	7.37	99954	95426	95.47	0	0.0	33	0.03	4417	4.42
SRR1795029_1_screen	7118	7.13	99977	97022	97.05	2	0.0	21	0.02	2889	2.89
SRR1795029_2_screen	7136	7.14	99977	95468	95.49000000000001	1	0.0	18	0.02	4438	4.44
SRR1795030_1_screen	7240	7.239999999999999	99917	97145	97.23	0	0.0	20	0.02	2707	2.71
SRR1795030_2_screen	7169	7.17	99917	95635	95.7	1	0.0	18	0.02	4216	4.22
SRR1795031_1_screen	7196	7.2	99942	97166	97.21	0	0.0	21	0.02	2718	2.72
SRR1795031_2_screen	7337	7.34	99942	95951	96.0	0	0.0	22	0.02	3927	3.93
SRR1795032_1_screen	7391	7.39	100005	97260	97.26	0	0.0	20	0.02	2680	2.68
SRR1795032_2_screen	7277	7.27	100005	95614	95.6	0	0.0	20	0.02	4320	4.32
SRR1795033_1_screen	7150	7.15	100032	97446	97.42	0	0.0	16	0.02	2530	2.53
SRR1795033_2_screen	7128	7.119999999999999	100032	96036	96.01	0	0.0	13	0.01	3941	3.94
SRR1795034_1_screen	7249	7.24	100024	97022	96.99999999999999	0	0.0	12	0.01	2950	2.95
SRR1795034_2_screen	7240	7.23	100024	95834	95.81	2	0.0	8	0.01	4130	4.13
SRR1795035_1_screen	7289	7.300000000000001	99979	96917	96.93999999999998	1	0.0	24	0.02	2999	3.0
SRR1795035_2_screen	7216	7.220000000000001	99979	95901	95.91999999999999	1	0.0	22	0.02	4019	4.02
SRR1795036_1_screen	7257	7.25	100027	97127	97.09	0	0.0	20	0.02	2840	2.84
SRR1795036_2_screen	7164	7.15	100027	95874	95.86000000000001	0	0.0	19	0.02	4091	4.09
SRR1795037_1_screen	7940	7.93	100056	96792	96.74	1	0.0	115	0.11	3041	3.04
SRR1795037_2_screen	8287	8.280000000000001	100056	95381	95.33	0	0.0	106	0.11	4452	4.45
SRR1795038_1_screen	8975	8.97	100045	96890	96.85	1	0.0	147	0.15	2841	2.84
SRR1795038_2_screen	8956	8.95	100045	95426	95.38000000000001	0	0.0	142	0.14	4321	4.32
SRR1795039_1_screen	7890	7.89	99935	96680	96.75	0	0.0	111	0.11	3038	3.04
SRR1795039_2_screen	7973	7.97	99935	94969	95.03	0	0.0	107	0.11	4726	4.73
SRR1795040_1_screen	7602	7.620000000000001	99910	96535	96.63	1	0.0	120	0.12	3187	3.19
SRR1795040_2_screen	7789	7.800000000000001	99910	94762	94.84	1	0.0	110	0.11	4945	4.95
SRR1795041_1_screen	9282	9.29	99990	96405	96.41000000000001	0	0.0	131	0.13	3259	3.26
SRR1795041_2_screen	9135	9.14	99990	92189	92.2	0	0.0	120	0.12	7459	7.46
SRR1795042_1_screen	8098	8.110000000000001	100013	96700	96.67999999999999	3	0.0	164	0.16	3040	3.04
SRR1795042_2_screen	8190	8.2	100013	94550	94.55	1	0.0	156	0.16	5170	5.17
SRR1795043_1_screen	7732	7.73	99979	96460	96.47999999999999	2	0.0	135	0.14	3309	3.31
SRR1795043_2_screen	7810	7.82	99979	94604	94.62	1	0.0	126	0.13	5128	5.13
SRR1795044_1_screen	7789	7.800000000000001	99929	96681	96.75	1	0.0	128	0.13	3047	3.05
SRR1795044_2_screen	7863	7.869999999999999	99929	94981	95.05	1	0.0	125	0.13	4736	4.74
SRR1795045_1_screen	6861	6.859999999999999	100032	96412	96.38000000000001	1	0.0	97	0.1	3481	3.48
SRR1795045_2_screen	7329	7.32	100032	95351	95.32	1	0.0	83	0.08	4551	4.55
SRR1795046_1_screen	7110	7.109999999999999	99934	96470	96.53	0	0.0	72	0.07	3347	3.35
SRR1795046_2_screen	7402	7.41	99934	95120	95.17999999999999	0	0.0	66	0.07	4696	4.7
SRR1795047_1_screen	6941	6.93	100040	96089	96.05	0	0.0	75	0.07	3821	3.82
SRR1795047_2_screen	7352	7.34	100040	95321	95.29	1	0.0	67	0.07	4581	4.58
SRR1795048_1_screen	7075	7.0600000000000005	100077	96760	96.68	0	0.0	81	0.08	3192	3.19
SRR1795048_2_screen	7321	7.3100000000000005	100077	95925	95.85	0	0.0	77	0.08	4013	4.01
SRR1795049_1_screen	6993	6.99	99958	96458	96.5	1	0.0	68	0.07	3388	3.39
SRR1795049_2_screen	7366	7.37	99958	95554	95.6	0	0.0	63	0.06	4258	4.26
SRR1795050_1_screen	6905	6.91	99952	96399	96.44	0	0.0	74	0.07	3438	3.44
SRR1795050_2_screen	7339	7.35	99952	95398	95.44999999999999	0	0.0	67	0.07	4437	4.44
SRR1795051_1_screen	7080	7.089999999999999	99877	96098	96.22	1	0.0	52	0.05	3665	3.67
SRR1795051_2_screen	7387	7.390000000000001	99877	95154	95.27000000000001	0	0.0	48	0.05	4594	4.6
SRR1795052_1_screen	6881	6.89	99889	96553	96.66000000000001	1	0.0	131	0.13	3166	3.17
SRR1795052_2_screen	7222	7.24	99889	95590	95.7	2	0.0	127	0.13	4115	4.12
SRR1795053_1_screen	6842	6.84	100006	95836	95.83	0	0.0	22	0.02	4110	4.11
SRR1795053_2_screen	6826	6.82	100006	93000	92.99	0	0.0	19	0.02	6940	6.94
SRR1795054_1_screen	7030	7.02	100018	96163	96.14999999999998	0	0.0	19	0.02	3790	3.79
SRR1795054_2_screen	6367	6.37	100018	93153	93.13	0	0.0	17	0.02	6781	6.78
SRR1795055_1_screen	7318	7.319999999999999	100004	96552	96.55000000000001	0	0.0	23	0.02	3380	3.38
SRR1795055_2_screen	7050	7.05	100004	94761	94.76	0	0.0	21	0.02	5170	5.17
SRR1795056_1_screen	7180	7.1899999999999995	99970	96201	96.23	0	0.0	26	0.03	3698	3.7
SRR1795056_2_screen	6912	6.919999999999999	99970	93498	93.52000000000001	0	0.0	21	0.02	6388	6.39
SRR1795057_1_screen	7053	7.05	99925	95660	95.73	0	0.0	26	0.03	4186	4.19
SRR1795057_2_screen	6933	6.9399999999999995	99925	92753	92.82	1	0.0	23	0.02	7094	7.1
SRR1795058_1_screen	7106	7.109999999999999	99919	95400	95.47999999999999	0	0.0	30	0.03	4446	4.45
SRR1795058_2_screen	6944	6.949999999999999	99919	93673	93.75	0	0.0	25	0.03	6165	6.17
SRR1795059_1_screen	7397	7.4	100059	96733	96.67	0	0.0	11	0.01	3271	3.27
SRR1795059_2_screen	7073	7.07	100059	94416	94.35	0	0.0	8	0.01	5593	5.59
SRR1795060_1_screen	7249	7.24	100037	96125	96.09	0	0.0	20	0.02	3841	3.84
SRR1795060_2_screen	6627	6.619999999999999	100037	93154	93.12	0	0.0	16	0.02	6812	6.81
SRR1795061_1_screen	7315	7.32	99924	96114	96.17999999999999	0	0.0	120	0.12	3627	3.63
SRR1795061_2_screen	7750	7.77	99924	94393	94.47	0	0.0	119	0.12	5335	5.34
SRR1795062_1_screen	7195	7.21	99899	96089	96.18999999999998	35	0.03	128	0.13	3596	3.6
SRR1795062_2_screen	7379	7.379999999999999	99899	94669	94.75999999999999	33	0.03	115	0.12	5024	5.03
SRR1795063_1_screen	8165	8.16	100016	96573	96.55	1	0.0	155	0.15	3160	3.16
SRR1795063_2_screen	8328	8.33	100016	94917	94.89999999999999	1	0.0	144	0.14	4820	4.82
SRR1795064_1_screen	8085	8.09	99991	96718	96.73	5	0.01	96	0.1	3089	3.09
SRR1795064_2_screen	8141	8.15	99991	95102	95.11	3	0.0	94	0.09	4669	4.67
SRR1795065_1_screen	8311	8.31	99990	96528	96.54	0	0.0	146	0.15	3209	3.21
SRR1795065_2_screen	8250	8.25	99990	94186	94.2	0	0.0	140	0.14	5549	5.55
SRR1795066_1_screen	7799	7.8	99998	96579	96.58	0	0.0	115	0.12	3209	3.21
SRR1795066_2_screen	7780	7.78	99998	92460	92.46	0	0.0	107	0.11	7309	7.31
SRR1795067_1_screen	8219	8.219999999999999	99949	96630	96.68	2	0.0	132	0.13	3048	3.05
SRR1795067_2_screen	8395	8.399999999999999	99949	95245	95.28999999999999	1	0.0	127	0.13	4447	4.45
SRR1795068_1_screen	7533	7.54	100007	96492	96.48	2	0.0	136	0.14	3310	3.31
SRR1795068_2_screen	7663	7.67	100007	94976	94.98	1	0.0	131	0.13	4820	4.82
SRR1795069_1_screen	7063	7.06	99993	96142	96.15	0	0.0	51	0.05	3739	3.74
SRR1795069_2_screen	7256	7.260000000000001	99993	95034	95.05000000000001	0	0.0	48	0.05	4839	4.84
SRR1795070_1_screen	6976	6.96	100080	96559	96.47999999999999	0	0.0	67	0.07	3392	3.39
SRR1795070_2_screen	7385	7.380000000000001	100080	95356	95.27000000000001	0	0.0	60	0.06	4593	4.59
SRR1795071_1_screen	7068	7.07	99924	96533	96.61	1	0.0	56	0.06	3297	3.3
SRR1795071_2_screen	7393	7.3999999999999995	99924	95744	95.82	1	0.0	51	0.05	4046	4.05
SRR1795072_1_screen	6976	6.99	99906	96296	96.39	0	0.0	66	0.07	3496	3.5
SRR1795072_2_screen	5924	5.9399999999999995	99906	92610	92.7	0	0.0	60	0.06	7143	7.15
SRR1795073_1_screen	6890	6.8999999999999995	99920	96538	96.62	0	0.0	69	0.07	3257	3.26
SRR1795073_2_screen	7185	7.1899999999999995	99920	95609	95.69	0	0.0	62	0.06	4166	4.17
SRR1795074_1_screen	6920	6.92	99997	96548	96.55	1	0.0	67	0.07	3339	3.34
SRR1795074_2_screen	7190	7.18	99997	95720	95.73	1	0.0	59	0.06	4159	4.16
SRR1795075_1_screen	7142	7.15	99991	96600	96.60000000000001	0	0.0	49	0.05	3289	3.29
SRR1795075_2_screen	7405	7.41	99991	95762	95.77000000000001	0	0.0	46	0.05	4099	4.1
SRR1795076_1_screen	7017	7.0200000000000005	100022	96474	96.45999999999998	2	0.0	95	0.09	3410	3.41
SRR1795076_2_screen	7358	7.35	100022	95515	95.48999999999998	1	0.0	84	0.08	4350	4.35
SRR1795077_1_screen	7264	7.26	100054	96800	96.75	0	0.0	23	0.02	3181	3.18
SRR1795077_2_screen	7153	7.14	100054	96087	96.03999999999999	0	0.0	22	0.02	3892	3.89
SRR1795078_1_screen	7410	7.4	100083	97440	97.37	0	0.0	12	0.01	2602	2.6
SRR1795078_2_screen	7260	7.25	100083	95441	95.35	0	0.0	11	0.01	4583	4.58
SRR1795079_1_screen	7467	7.47	99995	96983	96.99000000000001	0	0.0	18	0.02	2949	2.95
SRR1795079_2_screen	7241	7.24	99995	95746	95.75	1	0.0	16	0.02	4179	4.18
SRR1795080_1_screen	7228	7.23	99948	97112	97.16	2	0.0	21	0.02	2758	2.76
SRR1795080_2_screen	7305	7.3100000000000005	99948	95475	95.53000000000002	1	0.0	22	0.02	4407	4.41
SRR1795081_1_screen	7371	7.369999999999999	100002	97151	97.14999999999999	0	0.0	24	0.02	2780	2.78
SRR1795081_2_screen	7220	7.219999999999999	100002	95851	95.85000000000001	0	0.0	23	0.02	4080	4.08
SRR1795082_1_screen	7481	7.48	100070	96924	96.86000000000001	0	0.0	18	0.02	3082	3.08
SRR1795082_2_screen	7487	7.48	100070	96076	96.01	0	0.0	17	0.02	3932	3.93
SRR1795083_1_screen	7309	7.31	99949	97000	97.05	0	0.0	24	0.02	2888	2.89
SRR1795083_2_screen	7216	7.22	99949	95654	95.7	0	0.0	22	0.02	4227	4.23
SRR1795084_1_screen	7620	7.63	99915	96881	96.97	0	0.0	6	0.01	2977	2.98
SRR1795084_2_screen	7495	7.5	99915	95925	96.01	1	0.0	6	0.01	3926	3.93
SRR1795085_1_screen	8180	8.190000000000001	99921	96522	96.58999999999999	4	0.0	128	0.13	3147	3.15
SRR1795085_2_screen	8277	8.28	99921	95155	95.23	4	0.0	121	0.12	4536	4.54
SRR1795086_1_screen	7345	7.35	99877	96389	96.51	1	0.0	111	0.11	3315	3.32
SRR1795086_2_screen	7667	7.68	99877	94573	94.69	0	0.0	111	0.11	5123	5.13
SRR1795087_1_screen	8978	8.959999999999999	100069	96351	96.28999999999999	4	0.0	137	0.14	3442	3.44
SRR1795087_2_screen	8651	8.64	100069	91924	91.86	1	0.0	125	0.12	7845	7.84
SRR1795088_1_screen	8225	8.22	100059	96529	96.47999999999999	0	0.0	161	0.16	3251	3.25
SRR1795088_2_screen	8376	8.379999999999999	100059	94880	94.83	0	0.0	157	0.16	4892	4.89
SRR1795089_1_screen	8428	8.43	100013	96480	96.46000000000001	1	0.0	102	0.1	3310	3.31
SRR1795089_2_screen	8568	8.57	100013	95096	95.08	0	0.0	96	0.1	4670	4.67
SRR1795090_1_screen	8224	8.209999999999999	100023	96392	96.38000000000001	1	0.0	112	0.11	3410	3.41
SRR1795090_2_screen	8445	8.44	100023	94952	94.92	1	0.0	108	0.11	4821	4.82
SRR1795091_1_screen	7169	7.16	100081	96697	96.61	0	0.0	146	0.15	3192	3.19
SRR1795091_2_screen	7453	7.449999999999999	100081	94814	94.74	0	0.0	140	0.14	5064	5.06
SRR1795092_1_screen	7339	7.34	99898	96270	96.36	1	0.0	157	0.16	3416	3.42
SRR1795092_2_screen	7622	7.640000000000001	99898	94315	94.41	0	0.0	148	0.15	5364	5.37
SRR1795093_1_screen	7026	7.01	100021	96885	96.86	0	0.0	113	0.11	2970	2.97
SRR1795093_2_screen	7424	7.42	100021	96235	96.21999999999998	1	0.0	106	0.11	3610	3.61
SRR1795094_1_screen	6877	6.88	99943	96620	96.67	0	0.0	70	0.07	3208	3.21
SRR1795094_2_screen	7177	7.1899999999999995	99943	95899	95.95999999999998	0	0.0	62	0.06	3917	3.92
SRR1795095_1_screen	7056	7.0600000000000005	99952	96589	96.63000000000001	0	0.0	55	0.06	3278	3.28
SRR1795095_2_screen	7115	7.119999999999999	99952	95298	95.34	0	0.0	51	0.05	4557	4.56
SRR1795096_1_screen	6987	6.99	99975	96382	96.41000000000001	0	0.0	63	0.06	3489	3.49
SRR1795096_2_screen	7123	7.129999999999999	99975	95358	95.37999999999998	0	0.0	54	0.05	4508	4.51
SRR1795097_1_screen	7043	7.04	99985	96670	96.68	0	0.0	36	0.04	3239	3.24
SRR1795097_2_screen	7367	7.36	99985	95468	95.48	0	0.0	31	0.03	4409	4.41
SRR1795098_1_screen	6893	6.889999999999999	99982	96369	96.39	2	0.0	98	0.1	3459	3.46
SRR1795098_2_screen	7013	7.01	99982	95545	95.56	1	0.0	93	0.09	4269	4.27
SRR1795099_1_screen	7155	7.15	100091	96363	96.27	6	0.01	82	0.08	3573	3.57
SRR1795099_2_screen	7239	7.23	100091	95702	95.62	8	0.01	82	0.08	4203	4.2
SRR1795100_1_screen	6969	6.970000000000001	99892	96121	96.23	0	0.0	63	0.06	3666	3.67
SRR1795100_2_screen	7092	7.1	99892	95103	95.19999999999999	0	0.0	56	0.06	4674	4.68
SRR1795101_1_screen	7132	7.130000000000001	100014	97225	97.21	0	0.0	19	0.02	2740	2.74
SRR1795101_2_screen	7124	7.120000000000001	100014	96449	96.44000000000003	0	0.0	16	0.02	3510	3.51
SRR1795102_1_screen	7131	7.140000000000001	99939	96925	96.99	0	0.0	26	0.03	2958	2.96
SRR1795102_2_screen	7211	7.21	99939	96822	96.89	0	0.0	26	0.03	3058	3.06
SRR1795103_1_screen	7242	7.25	99982	96917	96.93	0	0.0	19	0.02	2989	2.99
SRR1795103_2_screen	7214	7.22	99982	95842	95.86	0	0.0	19	0.02	4059	4.06
SRR1795104_1_screen	7183	7.18	99967	96849	96.88000000000001	0	0.0	14	0.01	3058	3.06
SRR1795104_2_screen	7263	7.26	99967	95773	95.80000000000003	0	0.0	14	0.01	4138	4.14
SRR1795105_1_screen	7219	7.21	99952	97252	97.29	0	0.0	15	0.02	2648	2.65
SRR1795105_2_screen	7176	7.18	99952	95341	95.38999999999999	0	0.0	13	0.01	4547	4.55
SRR1795106_1_screen	7359	7.37	99924	97188	97.26	0	0.0	24	0.02	2677	2.68
SRR1795106_2_screen	7305	7.3100000000000005	99924	96979	97.04999999999998	0	0.0	24	0.02	2877	2.88
SRR1795107_1_screen	7309	7.3100000000000005	99949	97200	97.25	0	0.0	10	0.01	2698	2.7
SRR1795107_2_screen	7394	7.390000000000001	99949	96959	97.01000000000002	0	0.0	10	0.01	2938	2.94
SRR1795108_1_screen	7419	7.42	100017	97218	97.19999999999999	0	0.0	23	0.02	2730	2.73
SRR1795108_2_screen	7318	7.32	100017	97032	97.02	0	0.0	22	0.02	2920	2.92
SRR1795109_1_screen	7802	7.8	100048	96686	96.64000000000001	1	0.0	172	0.17	3111	3.11
SRR1795109_2_screen	7850	7.85	100048	95413	95.37	0	0.0	165	0.16	4382	4.38
SRR1795110_1_screen	7780	7.779999999999999	100051	96694	96.65	1	0.0	143	0.14	3131	3.13
SRR1795110_2_screen	7920	7.91	100051	95142	95.1	1	0.0	138	0.14	4672	4.67
SRR1795111_1_screen	7601	7.609999999999999	99971	96637	96.66999999999999	0	0.0	137	0.14	3099	3.1
SRR1795111_2_screen	7680	7.680000000000001	99971	95030	95.05000000000001	0	0.0	131	0.13	4698	4.7
SRR1795112_1_screen	7898	7.909999999999999	99878	96176	96.28999999999999	4	0.0	142	0.14	3455	3.46
SRR1795112_2_screen	8116	8.12	99878	94433	94.54	4	0.0	136	0.14	5163	5.17
SRR1795113_1_screen	8399	8.39	100041	96780	96.75	0	0.0	134	0.13	2981	2.98
SRR1795113_2_screen	8424	8.42	100041	94474	94.43	0	0.0	124	0.12	5272	5.27
SRR1795114_1_screen	8989	8.98	100055	96903	96.85	0	0.0	124	0.12	2891	2.89
SRR1795114_2_screen	9123	9.11	100055	95232	95.17	1	0.0	117	0.12	4542	4.54
SRR1795115_1_screen	7700	7.7	100016	96818	96.81	1	0.0	92	0.09	3010	3.01
SRR1795115_2_screen	7800	7.8100000000000005	100016	95147	95.12	0	0.0	89	0.09	4660	4.66
SRR1795116_1_screen	7710	7.710000000000001	100055	96803	96.74000000000001	0	0.0	105	0.1	3071	3.07
SRR1795116_2_screen	7978	7.970000000000001	100055	95440	95.39000000000001	0	0.0	98	0.1	4442	4.44
SRR1795117_1_screen	7075	7.08	99927	96599	96.67	0	0.0	115	0.12	3157	3.16
SRR1795117_2_screen	7229	7.2299999999999995	99927	95998	96.05999999999999	1	0.0	111	0.11	3757	3.76
SRR1795118_1_screen	6851	6.869999999999999	99934	96450	96.51	0	0.0	47	0.05	3387	3.39
SRR1795118_2_screen	7298	7.300000000000001	99934	95543	95.6	1	0.0	38	0.04	4287	4.29
SRR1795119_1_screen	6845	6.85	99922	96518	96.58999999999999	0	0.0	68	0.07	3277	3.28
SRR1795119_2_screen	7350	7.37	99922	95849	95.92	0	0.0	64	0.06	3946	3.95
SRR1795120_1_screen	7076	7.07	100111	96606	96.49999999999999	0	0.0	46	0.05	3413	3.41
SRR1795120_2_screen	7312	7.3100000000000005	100111	95323	95.22000000000001	0	0.0	40	0.04	4675	4.67
SRR1795121_1_screen	6779	6.789999999999999	99877	96297	96.41999999999999	1	0.0	55	0.06	3485	3.49
SRR1795121_2_screen	7101	7.12	99877	95084	95.20000000000002	1	0.0	51	0.05	4684	4.69
SRR1795122_1_screen	6949	6.9399999999999995	100004	96622	96.61999999999999	1	0.0	76	0.08	3270	3.27
SRR1795122_2_screen	7243	7.24	100004	95521	95.52000000000001	1	0.0	74	0.07	4350	4.35
SRR1795123_1_screen	6988	6.98	100076	96374	96.3	0	0.0	69	0.07	3592	3.59
SRR1795123_2_screen	7257	7.249999999999999	100076	95203	95.11999999999999	0	0.0	62	0.06	4743	4.74
SRR1795124_1_screen	7365	7.380000000000001	99938	91652	91.72	48	0.05	94	0.09	8035	8.04
SRR1795124_2_screen	7070	7.08	99938	91240	91.30000000000001	54	0.05	86	0.09	8414	8.42
SRR1795125_1_screen	6948	6.9399999999999995	100099	95774	95.67	0	0.0	26	0.03	4254	4.25
SRR1795125_2_screen	6789	6.78	100099	94165	94.08	0	0.0	24	0.02	5875	5.87
SRR1795126_1_screen	6951	6.959999999999999	99922	95653	95.71	0	0.0	19	0.02	4206	4.21
SRR1795126_2_screen	6691	6.7	99922	93035	93.11	0	0.0	18	0.02	6804	6.81
SRR1795127_1_screen	7121	7.120000000000001	99920	95457	95.52999999999999	2	0.0	18	0.02	4406	4.41
SRR1795127_2_screen	6846	6.859999999999999	99920	93616	93.7	1	0.0	18	0.02	6225	6.23
SRR1795128_1_screen	7202	7.21	99992	95574	95.58	0	0.0	23	0.02	4359	4.36
SRR1795128_2_screen	6904	6.91	99992	93772	93.79	0	0.0	22	0.02	6149	6.15
SRR1795129_1_screen	7245	7.24	100044	97233	97.19	0	0.0	17	0.02	2761	2.76
SRR1795129_2_screen	7100	7.1	100044	95868	95.82000000000001	0	0.0	16	0.02	4111	4.11
SRR1795130_1_screen	7362	7.359999999999999	99961	97238	97.28	0	0.0	25	0.03	2658	2.66
SRR1795130_2_screen	7276	7.28	99961	95366	95.41000000000001	0	0.0	23	0.02	4528	4.53
SRR1795131_1_screen	7141	7.140000000000001	99974	96621	96.63999999999999	1	0.0	20	0.02	3289	3.29
SRR1795131_2_screen	6789	6.8	99974	94549	94.57	1	0.0	17	0.02	5348	5.35
SRR1795132_1_screen	7218	7.22	100084	97195	97.11000000000001	0	0.0	20	0.02	2832	2.83
SRR1795132_2_screen	7191	7.18	100084	95924	95.85000000000001	0	0.0	13	0.01	4093	4.09
SRR1795133_1_screen	8766	8.75	100042	96664	96.62	0	0.0	120	0.12	3091	3.09
SRR1795133_2_screen	9006	8.99	100042	94698	94.66999999999999	0	0.0	112	0.11	5022	5.02
SRR1795134_1_screen	10097	10.08	100060	96561	96.5	1	0.0	134	0.13	3131	3.13
SRR1795134_2_screen	10097	10.1	100060	95257	95.2	1	0.0	128	0.13	4412	4.41
SRR1795135_1_screen	8312	8.31	100110	96739	96.64	1	0.0	152	0.15	3073	3.07
SRR1795135_2_screen	8495	8.48	100110	94973	94.86	0	0.0	147	0.15	4845	4.84
SRR1795136_1_screen	7416	7.41	100099	96628	96.53999999999999	0	0.0	175	0.17	3243	3.24
SRR1795136_2_screen	7570	7.5600000000000005	100099	94773	94.67	1	0.0	164	0.16	5095	5.09
SRR1795137_1_screen	7461	7.46	100037	96375	96.33000000000001	0	0.0	144	0.14	3471	3.47
SRR1795137_2_screen	7475	7.48	100037	94649	94.61	1	0.0	140	0.14	5171	5.17
SRR1795138_1_screen	7900	7.91	99895	96356	96.45	0	0.0	104	0.1	3336	3.34
SRR1795138_2_screen	8105	8.120000000000001	99895	94708	94.81	1	0.0	98	0.1	4974	4.98
SRR1795139_1_screen	8616	8.620000000000001	100006	96670	96.66000000000001	0	0.0	147	0.15	3060	3.06
SRR1795139_2_screen	8592	8.59	100006	95201	95.19	1	0.0	142	0.14	4490	4.49
SRR1795140_1_screen	7594	7.59	100063	96513	96.46	2	0.0	129	0.13	3362	3.36
SRR1795140_2_screen	7797	7.789999999999999	100063	94680	94.61999999999999	3	0.0	119	0.12	5183	5.18
SRR1795141_1_screen	6937	6.94	100048	96783	96.74	0	0.0	90	0.09	3131	3.13
SRR1795141_2_screen	7121	7.12	100048	96193	96.14999999999999	0	0.0	86	0.09	3731	3.73
SRR1795142_1_screen	7167	7.16	100098	96661	96.56	0	0.0	71	0.07	3313	3.31
SRR1795142_2_screen	7488	7.48	100098	95582	95.49000000000001	0	0.0	67	0.07	4374	4.37
SRR1795143_1_screen	7132	7.119999999999999	100084	96740	96.67	1	0.0	121	0.12	3172	3.17
SRR1795143_2_screen	7580	7.57	100084	96088	96.0	0	0.0	116	0.12	3813	3.81
SRR1795144_1_screen	7013	7.02	99981	96107	96.13000000000001	2	0.0	67	0.07	3769	3.77
SRR1795144_2_screen	7331	7.33	99981	95133	95.15	2	0.0	68	0.07	4729	4.73
SRR1795145_1_screen	7112	7.12	99988	96723	96.73	4	0.0	63	0.06	3149	3.15
SRR1795145_2_screen	7268	7.2700000000000005	99988	95655	95.67	1	0.0	56	0.06	4209	4.21
SRR1795146_1_screen	6813	6.83	99948	96257	96.3	0	0.0	62	0.06	3588	3.59
SRR1795146_2_screen	7324	7.33	99948	95529	95.58	0	0.0	51	0.05	4297	4.3
SRR1795147_1_screen	7004	7.0	100058	96513	96.45	1	0.0	75	0.07	3411	3.41
SRR1795147_2_screen	7144	7.14	100058	95692	95.63000000000001	0	0.0	71	0.07	4212	4.21
SRR1795148_1_screen	7107	7.1	100104	96436	96.33999999999999	0	0.0	65	0.06	3523	3.52
SRR1795148_2_screen	5958	5.949999999999999	100104	92775	92.68	0	0.0	56	0.06	7167	7.16
SRR1795149_1_screen	6933	6.9399999999999995	100013	96023	96.01999999999998	1	0.0	16	0.02	3910	3.91
SRR1795149_2_screen	6771	6.77	100013	94348	94.33999999999999	0	0.0	16	0.02	5590	5.59
SRR1795150_1_screen	7017	7.01	100090	96167	96.07000000000001	0	0.0	15	0.01	3863	3.86
SRR1795150_2_screen	6752	6.75	100090	93663	93.57	0	0.0	14	0.01	6345	6.34
SRR1795151_1_screen	7140	7.15	99903	95933	96.03	0	0.0	47	0.05	3876	3.88
SRR1795151_2_screen	6911	6.92	99903	93979	94.06999999999998	0	0.0	46	0.05	5834	5.84
SRR1795152_1_screen	7017	7.03	99888	95997	96.11	0	0.0	18	0.02	3845	3.85
SRR1795152_2_screen	6840	6.8500000000000005	99888	94345	94.45	1	0.0	18	0.02	5483	5.49
SRR1795153_1_screen	7169	7.16	100083	96221	96.13999999999999	0	0.0	30	0.03	3793	3.79
SRR1795153_2_screen	6784	6.789999999999999	100083	93671	93.59	0	0.0	26	0.03	6335	6.33
SRR1795154_1_screen	7084	7.1	99900	96315	96.41000000000001	0	0.0	17	0.02	3526	3.53
SRR1795154_2_screen	6862	6.87	99900	94415	94.51	0	0.0	16	0.02	5414	5.42
SRR1795155_1_screen	7049	7.050000000000001	100006	95966	95.97	0	0.0	18	0.02	3980	3.98
SRR1795155_2_screen	6895	6.890000000000001	100006	93883	93.87	0	0.0	11	0.01	6060	6.06
SRR1795156_1_screen	7181	7.19	99920	96017	96.09	0	0.0	26	0.03	3826	3.83
SRR1795156_2_screen	7001	7.01	99920	93075	93.16	0	0.0	27	0.03	6764	6.77
SRR1795157_1_screen	9588	9.600000000000001	99925	96528	96.60000000000001	0	0.0	108	0.11	3047	3.05
SRR1795157_2_screen	9582	9.59	99925	94940	95.02000000000001	0	0.0	101	0.1	4636	4.64
SRR1795158_1_screen	7663	7.67	99979	96750	96.77000000000001	0	0.0	134	0.13	3019	3.02
SRR1795158_2_screen	7730	7.73	99979	94997	95.02000000000001	0	0.0	129	0.13	4768	4.77
SRR1795159_1_screen	8648	8.66	99951	96235	96.29	2	0.0	131	0.13	3428	3.43
SRR1795159_2_screen	8816	8.83	99951	94752	94.81	2	0.0	126	0.13	4897	4.9
SRR1795160_1_screen	7886	7.87	100113	96839	96.74	0	0.0	145	0.14	3043	3.04
SRR1795160_2_screen	8004	7.99	100113	95362	95.26	0	0.0	132	0.13	4535	4.53
SRR1795161_1_screen	7707	7.709999999999999	99937	96575	96.63000000000001	0	0.0	123	0.12	3158	3.16
SRR1795161_2_screen	7719	7.73	99937	94757	94.80999999999999	0	0.0	109	0.11	4996	5.0
SRR1795162_1_screen	8783	8.77	100040	96553	96.52000000000001	0	0.0	96	0.1	3221	3.22
SRR1795162_2_screen	8491	8.489999999999998	100040	92332	92.29	0	0.0	86	0.09	7442	7.44
SRR1795163_1_screen	7651	7.65	100098	96898	96.8	0	0.0	107	0.11	3012	3.01
SRR1795163_2_screen	7803	7.789999999999999	100098	95546	95.45	0	0.0	102	0.1	4354	4.35
SRR1795164_1_screen	8341	8.34	99951	96708	96.75999999999999	0	0.0	134	0.13	2998	3.0
SRR1795164_2_screen	8450	8.45	99951	95150	95.2	0	0.0	127	0.13	4537	4.54
SRR1795165_1_screen	7153	7.1499999999999995	99876	96356	96.48	1	0.0	108	0.11	3345	3.35
SRR1795165_2_screen	7291	7.3	99876	95469	95.59	1	0.0	105	0.11	4214	4.22
SRR1795166_1_screen	6885	6.88	100095	96371	96.27999999999999	0	0.0	51	0.05	3633	3.63
SRR1795166_2_screen	5735	5.73	100095	92734	92.65	0	0.0	43	0.04	7236	7.23
SRR1795167_1_screen	6929	6.91	100107	96718	96.61	0	0.0	49	0.05	3293	3.29
SRR1795167_2_screen	7313	7.3100000000000005	100107	95864	95.76	0	0.0	43	0.04	4144	4.14
SRR1795168_1_screen	7104	7.109999999999999	99918	96632	96.71000000000001	2	0.0	77	0.08	3167	3.17
SRR1795168_2_screen	7451	7.45	99918	95751	95.83	2	0.0	71	0.07	4026	4.03
SRR1795169_1_screen	7112	7.1	100105	96611	96.51	0	0.0	96	0.1	3353	3.35
SRR1795169_2_screen	7439	7.43	100105	96034	95.94000000000001	0	0.0	93	0.09	3924	3.92
SRR1795170_1_screen	7016	7.02	99957	96533	96.58	0	0.0	44	0.04	3338	3.34
SRR1795170_2_screen	7300	7.300000000000001	99957	95245	95.28	0	0.0	41	0.04	4618	4.62
SRR1795171_1_screen	7090	7.09	100015	96356	96.35	0	0.0	49	0.05	3570	3.57
SRR1795171_2_screen	7413	7.419999999999999	100015	95319	95.32000000000001	0	0.0	46	0.05	4590	4.59
SRR1795172_1_screen	6901	6.9	99977	96802	96.83	0	0.0	119	0.12	3019	3.02
SRR1795172_2_screen	7086	7.09	99977	95985	96.00999999999999	0	0.0	114	0.11	3819	3.82
SRR1795173_1_screen	7181	7.180000000000001	100003	97138	97.13000000000001	0	0.0	18	0.02	2810	2.81
SRR1795173_2_screen	7194	7.199999999999999	100003	95846	95.83	0	0.0	17	0.02	4100	4.1
SRR1795174_1_screen	7244	7.25	99927	96992	97.06	0	0.0	25	0.03	2867	2.87
SRR1795174_2_screen	7280	7.28	99927	96210	96.27	0	0.0	22	0.02	3647	3.65
SRR1795175_1_screen	7315	7.31	100065	97317	97.25	1	0.0	12	0.01	2701	2.7
SRR1795175_2_screen	7394	7.390000000000001	100065	96042	95.99	1	0.0	11	0.01	3972	3.97
SRR1795176_1_screen	7336	7.34	99983	96898	96.91000000000001	0	0.0	24	0.02	3019	3.02
SRR1795176_2_screen	7224	7.22	99983	95877	95.88999999999999	0	0.0	21	0.02	4029	4.03
SRR1795177_1_screen	7206	7.21	99929	97273	97.34	0	0.0	14	0.01	2608	2.61
SRR1795177_2_screen	7112	7.119999999999999	99929	96014	96.08	0	0.0	12	0.01	3857	3.86
SRR1795178_1_screen	7120	7.119999999999999	99970	97080	97.11000000000001	0	0.0	23	0.02	2819	2.82
SRR1795178_2_screen	7133	7.14	99970	95697	95.73	0	0.0	19	0.02	4208	4.21
SRR1795179_1_screen	7200	7.21	99909	97066	97.15	0	0.0	21	0.02	2767	2.77
SRR1795179_2_screen	7272	7.279999999999999	99909	95762	95.84	0	0.0	21	0.02	4066	4.07
SRR1795180_1_screen	7289	7.28	100039	97080	97.04	0	0.0	30	0.03	2871	2.87
SRR1795180_2_screen	7391	7.38	100039	95331	95.3	0	0.0	27	0.03	4631	4.63
SRR1795181_1_screen	7221	7.21	100087	97534	97.45000000000002	0	0.0	20	0.02	2502	2.5
SRR1795181_2_screen	7158	7.15	100087	96456	96.36	0	0.0	20	0.02	3563	3.56
SRR1795182_1_screen	7150	7.15	99983	97342	97.36000000000001	0	0.0	16	0.02	2599	2.6
SRR1795182_2_screen	7046	7.049999999999999	99983	96280	96.3	0	0.0	15	0.02	3659	3.66
SRR1795183_1_screen	7387	7.38	100080	97409	97.33	0	0.0	24	0.02	2602	2.6
SRR1795183_2_screen	7472	7.46	100080	97128	97.06	1	0.0	24	0.02	2882	2.88
SRR1795184_1_screen	7124	7.129999999999999	100077	97051	96.97	0	0.0	22	0.02	2952	2.95
SRR1795184_2_screen	7216	7.21	100077	96123	96.05000000000001	0	0.0	22	0.02	3903	3.9
SRR1795185_1_screen	7013	7.0200000000000005	99972	96453	96.47	1	0.0	24	0.02	3469	3.47
SRR1795185_2_screen	6790	6.789999999999999	99972	94414	94.45	1	0.0	23	0.02	5488	5.49
SRR1795186_1_screen	6904	6.890000000000001	100085	96324	96.24000000000001	0	0.0	40	0.04	3683	3.68
SRR1795186_2_screen	6742	6.7299999999999995	100085	93724	93.63999999999999	0	0.0	41	0.04	6275	6.27
SRR1795187_1_screen	7042	7.04	99980	96014	96.04	2	0.0	18	0.02	3899	3.9
SRR1795187_2_screen	6575	6.57	99980	93040	93.05999999999999	1	0.0	16	0.02	6848	6.85
SRR1795188_1_screen	7097	7.1000000000000005	99985	96540	96.56	0	0.0	21	0.02	3379	3.38
SRR1795188_2_screen	6850	6.85	99985	94292	94.30999999999999	0	0.0	21	0.02	5609	5.61
SRR1795189_1_screen	7082	7.069999999999999	100043	96724	96.68	0	0.0	22	0.02	3251	3.25
SRR1795189_2_screen	6806	6.8	100043	94597	94.56	0	0.0	20	0.02	5362	5.36
SRR1795190_1_screen	6888	6.9	99940	95555	95.61	0	0.0	18	0.02	4317	4.32
SRR1795190_2_screen	6840	6.8500000000000005	99940	93914	93.97000000000001	0	0.0	16	0.02	5966	5.97
SRR1795191_1_screen	6839	6.85	99927	95771	95.83	0	0.0	20	0.02	4097	4.1
SRR1795191_2_screen	6868	6.879999999999999	99927	93926	93.99	0	0.0	21	0.02	5925	5.93
SRR1795192_1_screen	6861	6.86	99962	95674	95.71000000000001	0	0.0	28	0.03	4228	4.23
SRR1795192_2_screen	6701	6.71	99962	93924	93.96	0	0.0	23	0.02	5977	5.98
SRR1795193_1_screen	7128	7.119999999999999	100093	96261	96.16	2	0.0	24	0.02	3763	3.76
SRR1795193_2_screen	6772	6.76	100093	93853	93.75999999999999	0	0.0	20	0.02	6165	6.16
SRR1795194_1_screen	6906	6.8999999999999995	100065	95233	95.17000000000002	0	0.0	20	0.02	4753	4.75
SRR1795194_2_screen	6828	6.83	100065	93780	93.72	0	0.0	17	0.02	6224	6.22
SRR1795195_1_screen	8678	8.69	99940	98182	98.24000000000001	0	0.0	8	0.01	1728	1.73
SRR1795195_2_screen	4759	4.76	99940	45997	46.03	0	0.0	1	0.0	53927	53.96
SRR1795196_1_screen	7082	7.1000000000000005	99925	95917	95.98	0	0.0	36	0.04	3907	3.91
SRR1795196_2_screen	6915	6.91	99925	94027	94.10000000000001	0	0.0	29	0.03	5815	5.82
SRR1795197_1_screen	7348	7.35	100025	96863	96.85	1	0.0	19	0.02	3070	3.07
SRR1795197_2_screen	7388	7.379999999999999	100025	95890	95.87	1	0.0	19	0.02	4051	4.05
SRR1795198_1_screen	7381	7.3999999999999995	99924	97058	97.13000000000001	0	0.0	25	0.03	2807	2.81
SRR1795198_2_screen	7464	7.470000000000001	99924	96130	96.21000000000001	0	0.0	25	0.03	3717	3.72
SRR1795199_1_screen	7255	7.26	100004	97202	97.20000000000002	0	0.0	15	0.01	2740	2.74
SRR1795199_2_screen	7261	7.2700000000000005	100004	95920	95.92	0	0.0	13	0.01	4020	4.02
SRR1795200_1_screen	7437	7.44	100034	97276	97.25	0	0.0	24	0.02	2690	2.69
SRR1795200_2_screen	7419	7.41	100034	95906	95.88000000000001	0	0.0	22	0.02	4061	4.06
SRR1795201_1_screen	6989	7.0	99931	96648	96.71	0	0.0	28	0.03	3207	3.21
SRR1795201_2_screen	6760	6.76	99931	94619	94.67999999999999	0	0.0	28	0.03	5236	5.24
SRR1795202_1_screen	7334	7.34	100047	97165	97.12	0	0.0	23	0.02	2821	2.82
SRR1795202_2_screen	7342	7.34	100047	95846	95.8	1	0.0	23	0.02	4121	4.12
SRR1795203_1_screen	7303	7.299999999999999	100013	96676	96.66999999999999	2	0.0	23	0.02	3260	3.26
SRR1795203_2_screen	6917	6.92	100013	94669	94.65	1	0.0	24	0.02	5280	5.28
SRR1795204_1_screen	7374	7.359999999999999	100049	96633	96.58	15	0.01	45	0.04	3311	3.31
SRR1795204_2_screen	7218	7.209999999999999	100049	95500	95.45	11	0.01	41	0.04	4442	4.44
SRR1795205_1_screen	7012	7.0	100034	97224	97.19	1	0.0	13	0.01	2760	2.76
SRR1795205_2_screen	7123	7.119999999999999	100034	95876	95.84	1	0.0	11	0.01	4091	4.09
SRR1795206_1_screen	7274	7.2700000000000005	100028	97368	97.34000000000002	1	0.0	23	0.02	2600	2.6
SRR1795206_2_screen	7177	7.17	100028	96013	95.97999999999999	1	0.0	21	0.02	3951	3.95
SRR1795207_1_screen	7334	7.33	100053	97133	97.08	0	0.0	16	0.02	2851	2.85
SRR1795207_2_screen	6824	6.82	100053	95615	95.57	0	0.0	15	0.01	4372	4.37
SRR1795208_1_screen	7420	7.42	100044	97294	97.25999999999999	0	0.0	18	0.02	2691	2.69
SRR1795208_2_screen	7399	7.4	100044	96824	96.78	0	0.0	17	0.02	3161	3.16
SRR1795209_1_screen	7264	7.26	100046	96820	96.77000000000001	0	0.0	15	0.01	3171	3.17
SRR1795209_2_screen	7206	7.2	100046	95917	95.86999999999999	0	0.0	15	0.01	4061	4.06
SRR1795210_1_screen	7268	7.2700000000000005	99941	97111	97.17	0	0.0	14	0.01	2778	2.78
SRR1795210_2_screen	7173	7.18	99941	95779	95.84	0	0.0	13	0.01	4107	4.11
SRR1795211_1_screen	7192	7.18	100009	97126	97.11999999999999	1	0.0	20	0.02	2820	2.82
SRR1795211_2_screen	7226	7.22	100009	95798	95.79	0	0.0	17	0.02	4140	4.14
SRR1795212_1_screen	7306	7.3100000000000005	99964	96774	96.81	1	0.0	24	0.02	3118	3.12
SRR1795212_2_screen	7350	7.35	99964	95781	95.82	1	0.0	22	0.02	4118	4.12
SRR1795213_1_screen	7049	7.05	100053	96635	96.58	0	0.0	21	0.02	3361	3.36
SRR1795213_2_screen	6841	6.84	100053	94497	94.45000000000002	0	0.0	21	0.02	5492	5.49
SRR1795214_1_screen	6905	6.91	99943	96079	96.13000000000001	0	0.0	16	0.02	3807	3.81
SRR1795214_2_screen	6580	6.58	99943	92949	93.01	0	0.0	15	0.02	6936	6.94
SRR1795215_1_screen	7202	7.210000000000001	100039	96607	96.57	0	0.0	26	0.03	3371	3.37
SRR1795215_2_screen	6843	6.84	100039	94472	94.44	0	0.0	25	0.02	5502	5.5
SRR1795216_1_screen	6995	7.01	99921	96006	96.08000000000001	0	0.0	26	0.03	3836	3.84
SRR1795216_2_screen	6857	6.85	99921	93449	93.51999999999998	1	0.0	23	0.02	6394	6.4
SRR1795217_1_screen	6916	6.92	99898	95713	95.82	0	0.0	27	0.03	4115	4.12
SRR1795217_2_screen	6789	6.8	99898	92818	92.91	0	0.0	23	0.02	6982	6.99
SRR1795218_1_screen	6924	6.92	100088	96049	95.96000000000001	0	0.0	19	0.02	3983	3.98
SRR1795218_2_screen	6720	6.72	100088	94343	94.25000000000001	0	0.0	17	0.02	5664	5.66
SRR1795219_1_screen	7296	7.29	100109	96310	96.2	1	0.0	11	0.01	3744	3.74
SRR1795219_2_screen	7065	7.06	100109	94589	94.48	1	0.0	11	0.01	5445	5.44
SRR1795220_1_screen	7245	7.24	100056	95986	95.92999999999999	1	0.0	18	0.02	4012	4.01
SRR1795220_2_screen	6744	6.74	100056	94229	94.17	0	0.0	16	0.02	5763	5.76
SRR1795221_1_screen	7994	7.9799999999999995	100091	96842	96.76	0	0.0	108	0.11	3032	3.03
SRR1795221_2_screen	8068	8.06	100091	95600	95.50999999999999	0	0.0	101	0.1	4303	4.3
SRR1795222_1_screen	7689	7.67	100102	96943	96.85	0	0.0	144	0.14	2932	2.93
SRR1795222_2_screen	7812	7.8	100102	95290	95.19	0	0.0	134	0.13	4584	4.58
SRR1795223_1_screen	7311	7.289999999999999	100116	96480	96.36999999999999	2	0.0	133	0.13	3433	3.43
SRR1795223_2_screen	7599	7.6	100116	94865	94.77	1	0.0	128	0.13	5055	5.05
SRR1795224_1_screen	7860	7.87	99881	96297	96.39999999999999	0	0.0	132	0.13	3365	3.37
SRR1795224_2_screen	8169	8.18	99881	94154	94.27	0	0.0	127	0.13	5503	5.51
SRR1795225_1_screen	8761	8.760000000000002	100062	96657	96.60000000000001	0	0.0	127	0.13	3131	3.13
SRR1795225_2_screen	8799	8.79	100062	95455	95.38999999999999	0	0.0	123	0.12	4312	4.31
SRR1795226_1_screen	8028	8.04	99989	96649	96.66	1	0.0	148	0.15	3109	3.11
SRR1795226_2_screen	8095	8.100000000000001	99989	95168	95.18	1	0.0	139	0.14	4549	4.55
SRR1795227_1_screen	7425	7.430000000000001	99905	96543	96.64	1	0.0	130	0.13	3156	3.16
SRR1795227_2_screen	7874	7.88	99905	94883	94.98	1	0.0	126	0.13	4815	4.82
SRR1795228_1_screen	9250	9.24	100090	96726	96.64	1	0.0	98	0.1	3072	3.07
SRR1795228_2_screen	8982	8.969999999999999	100090	92882	92.78999999999999	0	0.0	91	0.09	6896	6.89
