Sample	bp_processed	bp_written	percent_trimmed	r_processed	quality_trimmed	r_with_adapters
SRR1795021_1	2014446603	1982384465	1.5916102195139694	39498953	9196357	13434552
SRR1795021_2	2014446603	1953168322	3.0419411916276045	39498953	42531382	13357846
SRR1795022_1	2287426194	2249252689	1.6688409488415608	44851494	10007291	15642647
SRR1795022_2	2287426194	2215888866	3.1274157910600544	44851494	50627854	15123307
SRR1795023_1	1948942917	1911571886	1.917502594561624	38214567	8972772	13070246
SRR1795023_2	1948942917	1882882414	3.389555559774253	38214567	47988142	12881022
SRR1795024_1	2134181445	2094113366	1.8774448205363343	41846695	12675553	14328460
SRR1795024_2	2134181445	2062229556	3.3714044871194164	41846695	51977469	14258806
SRR1795025_1	1986453009	1951332184	1.768016904546872	38950059	9404339	13248181
SRR1795025_2	1986453009	1916475631	3.5227300964560593	38950059	51601899	13087962
SRR1795026_1	2080521693	2042720608	1.8169041508763542	40794543	11693740	13897511
SRR1795026_2	2080521693	2012039489	3.291588077663942	40794543	48980123	13878210
SRR1795027_1	1966346004	1932797846	1.7061167226803082	38555804	10865244	13212888
SRR1795027_2	1966346004	1911080382	2.8105746337408073	38555804	36867641	13136705
SRR1795028_1	2579437506	2535728162	1.6945300631757194	50577206	16592071	17354068
SRR1795028_2	2579437506	2503249470	2.953668612741339	50577206	51735461	17473231
SRR1795029_1	2789372900	2746725500	1.528924296927098	55787458	15479925	18892088
SRR1795029_2	2789372900	2708701387	2.8921021280446224	55787458	54072066	18681025
SRR1795030_1	2962556100	2918199715	1.4972335882517127	59251122	15486920	20103441
SRR1795030_2	2962556100	2882572564	2.699815068480897	59251122	51653195	19902554
SRR1795031_1	2908332300	2844125846	2.2076725551615954	58166646	36425320	19422860
SRR1795031_2	2908332300	2831480019	2.642486245467892	58166646	49226691	19504780
SRR1795032_1	2795147800	2752980233	1.508598829729147	55902956	14946658	18913998
SRR1795032_2	2795147800	2717148222	2.79053501213782	55902956	51423745	18732577
SRR1795033_1	2740892750	2701286232	1.445022538733046	54817855	12972746	18588679
SRR1795033_2	2740892750	2672637145	2.4902690920686332	54817855	41998609	18453293
SRR1795034_1	2865703750	2821484877	1.5430371335487836	57314075	16185638	19436713
SRR1795034_2	2865703750	2786325595	2.769935831643449	57314075	51861434	19239670
SRR1795035_1	3064374750	2999597294	2.1138881920365646	61287495	35343246	20493827
SRR1795035_2	3064374750	2980594479	2.7340086586994623	61287495	54655133	20543373
SRR1795036_1	2605715200	2567312263	1.4737964072205587	52114304	12999045	17663598
SRR1795036_2	2605715200	2531316614	2.8552078907165295	52114304	49579666	17472049
SRR1795037_1	2199346797	2161485658	1.7214719866664119	43124447	13536924	14800454
SRR1795037_2	2199346797	2127364947	3.272874023241183	43124447	51384449	14736926
SRR1795038_1	2245023825	2207779066	1.658991703573569	44020075	13916633	15108797
SRR1795038_2	2245023825	2170579760	3.315958796116562	44020075	53642301	14950807
SRR1795039_1	2313906465	2275658727	1.6529509113066072	45370715	13827545	15603528
SRR1795039_2	2313906465	2236040869	3.365114241988169	45370715	56197178	15532979
SRR1795040_1	2354084928	2314124880	1.697476905981873	46158528	14025674	15929457
SRR1795040_2	2354084928	2269969529	3.5731675607584537	46158528	62099331	15800791
SRR1795041_1	2167303803	2127858306	1.8200261977762053	42496153	15857412	14549338
SRR1795041_2	2167303803	2072826806	4.3591949070187646	42496153	74417700	14382939
SRR1795042_1	2407531449	2368110754	1.6373906565737242	47206499	15158801	16128821
SRR1795042_2	2407531449	2316169004	3.7948598776538764	47206499	68803007	16091353
SRR1795043_1	2625957717	2574775003	1.9491065552446594	51489367	18255224	17871445
SRR1795043_2	2625957717	2522457261	3.9414365025741196	51489367	79023596	17561016
SRR1795044_1	1951917696	1918970525	1.6879385369330653	38272896	12164775	13133585
SRR1795044_2	1951917696	1884121016	3.4733370233249836	38272896	49472532	13074598
SRR1795045_1	2356971222	2316797542	1.704462049643133	46215122	13721492	15869961
SRR1795045_2	2356971222	2283349726	3.123563635941585	46215122	51482475	15841781
SRR1795046_1	1926529335	1893403382	1.7194626833958904	37775085	11236259	12944670
SRR1795046_2	1926529335	1864709138	3.208889471698597	37775085	43708663	12945507
SRR1795047_1	2290824171	2243172787	2.080097835671038	44918121	13210146	15517058
SRR1795047_2	2290824171	2215175946	3.302227467199184	44918121	54168586	15329909
SRR1795048_1	2429486592	2385146451	1.825082762177269	47636992	12746622	16356454
SRR1795048_2	2429486592	2344258608	3.5080656250849565	47636992	62890528	16012569
SRR1795049_1	2074847076	2037733903	1.7887184761369852	40683276	12117707	13965368
SRR1795049_2	2074847076	2014320982	2.917135180713434	40683276	40990935	13927010
SRR1795050_1	2635450398	2587490646	1.8197933847055467	51675498	15729899	17729584
SRR1795050_2	2635450398	2552804131	3.1359446970703337	51675498	57867416	17669749
SRR1795051_1	2017119870	1977505991	1.9638832371424708	39551370	11642983	13577388
SRR1795051_2	2017119870	1948156689	3.4188935434957566	39551370	50095885	13469444
SRR1795052_1	1935855858	1903061322	1.6940587732539745	37957958	9338908	12910904
SRR1795052_2	1935855858	1867993463	3.5055499984441503	37957958	49962622	12755207
SRR1795053_1	2545158100	2475691776	2.729352019428577	50903162	44955422	17125641
SRR1795053_2	2545158100	2422949898	4.801595704408304	50903162	98083421	16968088
SRR1795054_1	2445463950	2399464031	1.881030346000398	48909279	22408243	16517666
SRR1795054_2	2445463950	2329307192	4.749886335474297	48909279	92952687	16339429
SRR1795055_1	2865117100	2809685483	1.9347068571822075	57302342	27731341	19410599
SRR1795055_2	2865117100	2731760292	4.654497646885009	57302342	106075312	19247417
SRR1795056_1	2569241950	2506214865	2.4531393394070964	51384839	38252349	17297685
SRR1795056_2	2569241950	2447611496	4.734098865231435	51384839	97243877	17142471
SRR1795057_1	2383212250	2319818198	2.660025434159295	47664245	40455123	16023900
SRR1795057_2	2383212250	2267521604	4.8543996028889165	47664245	93134999	15874096
SRR1795058_1	2438040900	2357202504	3.3157112335564185	48760818	57266797	16403761
SRR1795058_2	2438040900	2322014704	4.758993009510218	48760818	92837684	16262546
SRR1795059_1	2616566800	2566478619	1.9142710593132957	52331336	24815216	17624346
SRR1795059_2	2616566800	2489755422	4.846479669466111	52331336	101973975	17433918
SRR1795060_1	2545962700	2497520548	1.9027047018402903	50919254	23757186	17178439
SRR1795060_2	2545962700	2424463134	4.772244542310066	50919254	97214479	16988188
SRR1795061_1	2028264798	1988860357	1.9427661042510487	39769898	12257073	13762767
SRR1795061_2	2028264798	1946736162	4.019624857680935	39769898	62761703	13474610
SRR1795062_1	1992096261	1956232894	1.8002828328183884	39060711	13138468	13398924
SRR1795062_2	1992096261	1920760140	3.5809575268310794	39060711	52637702	13346822
SRR1795063_1	2070946341	2034205956	1.7740867676107501	40606791	12796897	13969716
SRR1795063_2	2070946341	1997249847	3.5585902223045576	40606791	54332518	13833906
SRR1795064_1	2019425070	1985621996	1.6738959272205134	39596570	12426249	13603351
SRR1795064_2	2019425070	1951458751	3.3656271782344467	39596570	48973215	13565069
SRR1795065_1	2248878762	2209721268	1.7412007557568814	44095662	14268925	15091954
SRR1795065_2	2248878762	2157579024	4.059789239985717	44095662	70374748	14969506
SRR1795066_1	2208274296	2169422939	1.7593537664398917	43299496	15833250	14787056
SRR1795066_2	2208274296	2111861049	4.365999603157995	43299496	75837685	14729169
SRR1795067_1	2130718290	2093805130	1.7324279879345288	41778790	13507424	14309425
SRR1795067_2	2130718290	2060031865	3.3174927596834025	41778790	50823201	14198611
SRR1795068_1	2131952388	2095417835	1.713666459234267	41802988	12584405	14403959
SRR1795068_2	2131952388	2056879967	3.5212991351287157	41802988	55221186	14211360
SRR1795069_1	2269345674	2229198300	1.7691167308696225	44496974	15183175	15165578
SRR1795069_2	2269345674	2198859669	3.1060056565009675	44496974	49119961	15242886
SRR1795070_1	2638831800	2593279662	1.7262236266820794	51741800	15802221	17742526
SRR1795070_2	2638831800	2557500406	3.082098449776147	51741800	56605381	17719591
SRR1795071_1	2252508789	2215999170	1.6208424658892642	44166839	12828994	15108561
SRR1795071_2	2252508789	2191916297	2.6900002475417644	44166839	39316199	15210789
SRR1795072_1	2440608315	2396526532	1.80618015308204	47855065	14226081	16500188
SRR1795072_2	2440608315	2365567262	3.0746864434902164	47855065	52357169	16270179
SRR1795073_1	2063866266	2027972781	1.7391381210743622	40467966	10926316	14017031
SRR1795073_2	2063866266	2004037123	2.8988866180731496	40467966	40540806	13844804
SRR1795074_1	2014442931	1980268904	1.696450491304586	39498881	11650773	13468165
SRR1795074_2	2014442931	1954976048	2.952026194680022	39498881	40683378	13437519
SRR1795075_1	1988840727	1954194454	1.7420335640582443	38996877	10870699	13373746
SRR1795075_2	1988840727	1929502623	2.9835523375220987	38996877	40736857	13314181
SRR1795076_1	2254699443	2217092512	1.6679354366612138	44209793	12732139	15244414
SRR1795076_2	2254699443	2189106590	2.909161715706336	44209793	44455569	15165981
SRR1795077_1	2796512650	2736097017	2.1603919081145584	55930253	33505707	18841259
SRR1795077_2	2796512650	2726527947	2.502570585546967	55930253	43263321	18851539
SRR1795078_1	2847372400	2803695149	1.5339493703036526	56947448	15901193	19314561
SRR1795078_2	2847372400	2764349848	2.915760228623414	56947448	55734367	19143087
SRR1795079_1	2934877950	2891204671	1.4880782010032136	58697559	15235962	19713445
SRR1795079_2	2934877950	2850304534	2.8816672257188753	58697559	56695458	19516023
SRR1795080_1	2733601050	2691792608	1.5294273463935055	54672021	15387867	18431189
SRR1795080_2	2733601050	2657312520	2.7907704381369034	54672021	50374141	18239395
SRR1795081_1	2760055250	2717187408	1.5531515899908164	55201105	16037061	18730737
SRR1795081_2	2760055250	2684758400	2.7280921278659185	55201105	49014968	18540168
SRR1795082_1	2992106200	2927567159	2.1569769482112635	59842124	35697155	20151246
SRR1795082_2	2992106200	2916969992	2.511147766078624	59842124	46501031	20139068
SRR1795083_1	3153421050	3104315569	1.557212951312036	63068421	18609164	21290288
SRR1795083_2	3153421050	3070449520	2.631159261145923	63068421	52940676	21123495
SRR1795084_1	2722686900	2662939154	2.1944405726563714	54453738	34108703	17986644
SRR1795084_2	2722686900	2652150603	2.5906870525582653	54453738	45101912	18075855
SRR1795085_1	2226947640	2189122139	1.6985357141131525	43665640	14453750	14947069
SRR1795085_2	2226947640	2155138868	3.224537959949521	43665640	50947162	14913766
SRR1795086_1	1945818759	1913220818	1.6752814643822642	38153309	11159339	13093385
SRR1795086_2	1945818759	1875605657	3.6084091426934384	38153309	51960920	13029036
SRR1795087_1	2296596249	2253525946	1.875397254469695	45031299	16646400	15459134
SRR1795087_2	2296596249	2188290594	4.715920573638453	45031299	87015431	15284499
SRR1795088_1	2005495899	1971853623	1.6775041034377103	39323449	12054033	13486139
SRR1795088_2	2005495899	1931597490	3.684794819917007	39323449	55247788	13371283
SRR1795089_1	2504442822	2457887601	1.8589053258090313	49106722	16671443	16829228
SRR1795089_2	2504442822	2416800918	3.4994571738719458	49106722	64212469	16720942
SRR1795090_1	2188416834	2147761798	1.857737308924393	42910134	12635885	14809699
SRR1795090_2	2188416834	2111267839	3.525333647657364	42910134	56536580	14689657
SRR1795091_1	2205001269	2167669814	1.6930355335772824	43235319	13374077	14899714
SRR1795091_2	2205001269	2121761828	3.7750291653006753	43235319	62689422	14675280
SRR1795092_1	2053211703	2016426669	1.7915850541009704	40259053	12223626	13967692
SRR1795092_2	2053211703	1971345108	3.9872456834520587	40259053	62844425	13671975
SRR1795093_1	2132256807	2098745160	1.5716515426277171	41808957	9775140	14216310
SRR1795093_2	2132256807	2066021658	3.1063401360734875	41808957	46407591	14124698
SRR1795094_1	2767726854	2738588297	1.052797423195432	54269154	0	18558744
SRR1795094_2	2767726854	2741584319	0.9445489522283617	54269154	0	18654506
SRR1795095_1	2084908305	2049117406	1.7166653763221498	40880555	12425095	13960290
SRR1795095_2	2084908305	2020145954	3.106244569350497	40880555	45225107	13948904
SRR1795096_1	1937524731	1902875212	1.7883394439108196	37990681	11178549	13041313
SRR1795096_2	1937524731	1876756552	3.136382107940175	37990681	42547090	13007083
SRR1795097_1	1922429649	1890226784	1.675112793685383	37694699	10643473	12876474
SRR1795097_2	1922429649	1864453563	3.0157715279806316	37694699	39967817	12860384
SRR1795098_1	2467978434	2424776131	1.7505137972368523	48391734	12264296	17214847
SRR1795098_2	2467978434	2385057566	3.3598700400961445	48391734	60687745	16245660
SRR1795099_1	2220520263	2179160328	1.862623624254673	43539613	11196347	15413753
SRR1795099_2	2220520263	2147396188	3.2931055040770865	43539613	53076702	14625102
SRR1795100_1	2114216577	2076056402	1.8049321632955866	41455227	13435264	14218549
SRR1795100_2	2114216577	2044894759	3.2788418534852877	41455227	49425324	14208644
SRR1795101_1	2812253871	2784592152	0.9836138652078328	56508235	433631	19097889
SRR1795101_2	2797738660	2770233989	0.9831036541490262	56508235	468647	19020458
SRR1795102_1	2727834686	2697388987	1.116112320011756	55066866	3975964	18541762
SRR1795102_2	2735153961	2708218098	0.9848024419858242	55066866	393475	18640931
SRR1795103_1	2809501800	2766257572	1.539213393634416	56190036	15941138	19015839
SRR1795103_2	2809501800	2743273982	2.3572797853341827	56190036	39312003	18938846
SRR1795104_1	2829074100	2769548844	2.1040543264667404	56581482	32310172	18896224
SRR1795104_2	2829074100	2750165600	2.7891987700145426	56581482	51955177	18968747
SRR1795105_1	2568775700	2528895876	1.5524836987518995	51375514	14931607	17420085
SRR1795105_2	2568775700	2493278321	2.9390413106134567	51375514	51028806	17265936
SRR1795106_1	2726316268	2695927572	1.1146430939317564	55058150	4076331	18431173
SRR1795106_2	2735845752	2708957780	0.9828029222898967	55058150	406941	18634868
SRR1795107_1	2805595278	2774596713	1.1048837030442136	56671119	4142335	18857126
SRR1795107_2	2814930094	2787372170	0.9789914164738756	56671119	433826	19120260
SRR1795108_1	2739063559	2709718983	1.0713360740965558	55209701	3035787	18482764
SRR1795108_2	2743858965	2717112791	0.9747648964894958	55209701	379521	18561946
SRR1795109_1	2148131016	2112233111	1.6711226984117995	42120216	12681867	14464448
SRR1795109_2	2148131016	2078009526	3.264302292444531	42120216	49976961	14383905
SRR1795110_1	2051246010	2016871220	1.6758004565234963	40220510	13454178	13746971
SRR1795110_2	2051246010	1984326992	3.2623594475632887	40220510	47711504	13721807
SRR1795111_1	2319844854	2282038163	1.6297077338948633	45487154	13430752	15623352
SRR1795111_2	2319844854	2238798399	3.4936153105348997	45487154	59343069	15541371
SRR1795112_1	2006964699	1966276839	2.0273331175318297	39352249	14610508	13521844
SRR1795112_2	2006964699	1924168263	4.125455522025602	39352249	64183477	13304031
SRR1795113_1	2056150731	2018085616	1.8512803767789532	40316681	14463652	13915871
SRR1795113_2	2056150731	1970762105	4.1528388319309455	40316681	66296963	13696624
SRR1795114_1	2010524295	1976217328	1.7063691836660944	39422045	13171605	13606891
SRR1795114_2	2010524295	1944057898	3.3059235924328885	39422045	47743606	13480261
SRR1795115_1	2137245270	2100703928	1.709740220877878	41906770	13434860	14355497
SRR1795115_2	2137245270	2061820094	3.529083772402032	41906770	55439009	14268281
SRR1795116_1	2306471073	2268613281	1.641372937348779	45224923	14721793	15539293
SRR1795116_2	2306471073	2235635982	3.07114586561303	45224923	49078328	15546232
SRR1795117_1	2053817379	2020638836	1.6154573108225705	40270929	9411149	13728492
SRR1795117_2	2053817379	1988308974	3.1895924958963944	40270929	46407541	13629986
SRR1795118_1	2385238329	2344172935	1.7216474136241338	46769379	13543896	16021474
SRR1795118_2	2385238329	2314066120	2.9838615342827657	46769379	48838531	15975568
SRR1795119_1	2242267326	2205764123	1.6279594576761895	43966026	11759825	15031152
SRR1795119_2	2242267326	2181848042	2.694562031003791	43966026	39346624	15038035
SRR1795120_1	1945257606	1910451696	1.789269960577139	38142306	11592930	13083985
SRR1795120_2	1945257606	1879456634	3.382635379347284	38142306	47559937	13032199
SRR1795121_1	1950910293	1914610643	1.8606519290120942	38253143	11453095	13153560
SRR1795121_2	1950910293	1884584685	3.399726181054087	38253143	48070829	13040509
SRR1795122_1	2009484507	1975989237	1.6668588328658358	39401657	12068184	13499319
SRR1795122_2	2009484507	1949265117	2.9967581133483203	39401657	41255774	13543270
SRR1795123_1	2067086814	2029808662	1.8034149193697095	40531114	12475999	13903140
SRR1795123_2	2067086814	1998858647	3.3006918982745734	40531114	48780109	13872448
SRR1795124_1	2675841123	2608936974	2.500303490552193	52467473	17706372	19342592
SRR1795124_2	2675841123	2578154200	3.650699668240356	52467473	73931938	17585699
SRR1795125_1	2267254800	2191877253	3.3246173742801206	45345096	53422843	15305225
SRR1795125_2	2267254800	2153969322	4.996592266559541	45345096	91744508	15160673
SRR1795126_1	2647943300	2578539788	2.6210346724569216	52958866	43629884	17860260
SRR1795126_2	2647943300	2522156690	4.750351338716354	52958866	100496069	17688898
SRR1795127_1	2547966100	2464114544	3.2909211782684236	50959322	59344509	17046366
SRR1795127_2	2547966100	2427873328	4.7132798195392	50959322	95944959	16927137
SRR1795128_1	2384826150	2305684616	3.318545211356392	47696523	56261104	15957976
SRR1795128_2	2384826150	2271978449	4.731904713473559	47696523	90298887	15833824
SRR1795129_1	2761239200	2718319930	1.5543481347070547	55224784	16072987	18732067
SRR1795129_2	2761239200	2689177846	2.609746884659612	55224784	45685423	18580471
SRR1795130_1	3038841200	2991930164	1.543714623850697	60776824	17342934	20581234
SRR1795130_2	3038841200	2949731007	2.9323741233994065	60776824	60080670	20399543
SRR1795131_1	2984242650	2896277386	2.947657892363411	59684853	59616793	19651248
SRR1795131_2	2984242650	2908980607	2.5219813475958466	59684853	46906310	19971572
SRR1795132_1	2742313100	2699898272	1.5466807200096881	54846262	15839816	18515706
SRR1795132_2	2742313100	2667996853	2.709984027717331	54846262	48225787	18353604
SRR1795133_1	2010252618	1973836084	1.8115401852445194	39416718	13544870	13535465
SRR1795133_2	2010252618	1933805101	3.8028811063585444	39416718	57775922	13377886
SRR1795134_1	2204535945	2165739791	1.7598331334987598	43226195	13718993	14802169
SRR1795134_2	2204535945	2131719233	3.3030403593623423	43226195	52326426	14694405
SRR1795135_1	2220960546	2180891002	1.8041537960755831	43548246	15658156	14928631
SRR1795135_2	2220960546	2138940586	3.692994913742155	43548246	61345369	14803795
SRR1795136_1	1960358196	1926247513	1.740022974862498	38438396	11725874	13225393
SRR1795136_2	1960358196	1886099907	3.787995946430598	38438396	55958714	13086669
SRR1795137_1	2081584788	2038612712	2.0643922960874366	40815388	15074668	14137577
SRR1795137_2	2081584788	1998031279	4.013937336671198	40815388	64213328	13827760
SRR1795138_1	2027674473	1992571339	1.7312016532941774	39758323	12436885	13602908
SRR1795138_2	2027674473	1953641016	3.6511510099777245	39758323	55145325	13492831
SRR1795139_1	2019741066	1982619393	1.8379421810498553	39602766	12408157	13692263
SRR1795139_2	2019741066	1949118415	3.4966190562171797	39602766	51937345	13405773
SRR1795140_1	2357696238	2315623027	1.7845051589720522	46229338	14486481	15967359
SRR1795140_2	2357696238	2268714673	3.774089450788698	46229338	67130756	15678543
SRR1795141_1	2076705720	2042486402	1.647769237135823	40719720	9876630	13848735
SRR1795141_2	2076705720	2011409095	3.1442406293367364	40719720	46017831	13730589
SRR1795142_1	2082848415	2046983917	1.721896694052025	40840165	12358398	13990882
SRR1795142_2	2082848415	2020425204	2.9970117148443562	40840165	42865420	13970224
SRR1795143_1	2011103196	1979389169	1.5769467754353863	39433396	9118236	13358735
SRR1795143_2	2011103196	1948339672	3.1208504926467233	39433396	44092238	13287205
SRR1795144_1	2197688481	2156426778	1.877504630739337	43091931	14709945	14781638
SRR1795144_2	2197688481	2126794921	3.2258238878215244	43091931	50163895	14780120
SRR1795145_1	1963273305	1930428359	1.6729686038286962	38495555	10734136	13192389
SRR1795145_2	1963273305	1906152936	2.9094456107831608	38495555	38701466	13144596
SRR1795146_1	1962489180	1925465202	1.8865825288269868	38480180	10973755	13165846
SRR1795146_2	1962489180	1903640046	2.998698520212988	38480180	40509764	13077851
SRR1795147_1	2036095899	1999464833	1.7990835312811562	39923449	11950764	14205674
SRR1795147_2	2036095899	1979018707	2.803266389762519	39923449	38514890	13566542
SRR1795148_1	2169768531	2127816905	1.9334608922853807	42544481	11664675	15221074
SRR1795148_2	2169768531	2103174444	3.0691793179113076	42544481	46840067	14445297
SRR1795149_1	2240298350	2167849611	3.233887977465144	44805967	50287745	15144861
SRR1795149_2	2240298350	2141277942	4.419965224721074	44805967	77459918	14980846
SRR1795150_1	2352123450	2293547898	2.4903264324838053	47042469	35591584	15732173
SRR1795150_2	2352123450	2240806537	4.732613545432745	47042469	89100221	15522489
SRR1795151_1	2162910100	2106999581	2.5849673086273905	43258202	34190926	14586849
SRR1795151_2	2162910100	2065193758	4.517818008247314	43258202	77198888	14355465
SRR1795152_1	2207529550	2157946979	2.2460660152884477	44150591	27955961	14902343
SRR1795152_2	2207529550	2106397678	4.581223929709117	44150591	80147784	14687206
SRR1795153_1	2497086850	2434938441	2.48883650162188	49941737	37980831	16888928
SRR1795153_2	2497086850	2378530154	4.747800261732987	49941737	94726802	16742069
SRR1795154_1	1888122700	1851551437	1.9369113564494511	37762454	18225132	12658449
SRR1795154_2	1888122700	1800069490	4.663532195232863	37762454	69981304	12546512
SRR1795155_1	2095132800	2041694449	2.5505949312616365	41902656	33141008	14011590
SRR1795155_2	2095132800	2001889749	4.450460180853452	41902656	73305081	13843846
SRR1795156_1	2103335400	2051149669	2.481094123172177	42066708	31603308	14116173
SRR1795156_2	2103335400	2009367519	4.467565229967603	42066708	74030918	13925252
SRR1795157_1	2094541134	2060667830	1.6172183706562624	41069434	12439729	14079832
SRR1795157_2	2094541134	2022056769	3.4606322035592925	41069434	53016352	14017069
SRR1795158_1	2182352934	2146832438	1.6276238112822132	42791234	12489440	14821619
SRR1795158_2	2182352934	2104715787	3.5574973135853014	42791234	57228234	14691388
SRR1795159_1	2334670248	2288847191	1.9627207327996068	45777848	15324555	15809956
SRR1795159_2	2334670248	2247290913	3.7426842216734326	45777848	65697847	15557390
SRR1795160_1	2159753814	2123055816	1.699175052365482	42348114	13070039	14575154
SRR1795160_2	2159753814	2087832748	3.330058524901857	42348114	51611841	14507822
SRR1795161_1	2059112556	2024996242	1.656845513402814	40374756	12637635	13874863
SRR1795161_2	2059112556	1983970803	3.649229993816812	40374756	55929094	13767875
SRR1795162_1	2265327843	2225125421	1.774684495413232	44418193	15969661	15275562
SRR1795162_2	2265327843	2168826714	4.259918903049479	44418193	75394099	15160762
SRR1795163_1	2363631771	2324591096	1.6517240747480204	46345721	14337491	15924437
SRR1795163_2	2363631771	2287668506	3.2138366869159842	46345721	53783461	15876887
SRR1795164_1	2125677246	2089188315	1.7165790840854682	41679946	13059670	14329140
SRR1795164_2	2125677246	2053712302	3.3855066254964274	41679946	52114403	14223706
SRR1795165_1	1966171992	1929529400	1.8636514073586703	38552392	10589979	13344432
SRR1795165_2	1966171992	1894289963	3.6559379999549906	38552392	54058570	12874670
SRR1795166_1	1975588785	1936735820	1.9666524377440215	38737035	11298854	13298624
SRR1795166_2	1975588785	1910538529	3.2927022310465284	38737035	46616938	13183155
SRR1795167_1	2001358065	1968316756	1.6509444050932485	39242315	11249610	13416678
SRR1795167_2	2001358065	1942522163	2.9397988810163262	39242315	40094782	13397187
SRR1795168_1	1982281311	1947012514	1.7792024171487535	38868261	10373419	13262344
SRR1795168_2	1982281311	1912779427	3.506156447842332	38868261	51205498	13071748
SRR1795169_1	1960472436	1925019654	1.8083795185784495	38440636	9430926	13073220
SRR1795169_2	1960472436	1896186610	3.279098691699229	38440636	46090174	12949123
SRR1795170_1	2034033969	2000103407	1.668141364260569	39883019	11578436	13703204
SRR1795170_2	2034033969	1965765308	3.3563186279314294	39883019	49083742	13711933
SRR1795171_1	2269847157	2229610000	1.7726813400590564	44506807	13582607	15209644
SRR1795171_2	2269847157	2197834026	3.1725982420410173	44506807	50659446	15235326
SRR1795172_1	1978360839	1945864627	1.64258265526656	38791389	9035140	13206366
SRR1795172_2	1978360839	1915317710	3.1866344984803856	38791389	44700789	13092540
SRR1795173_1	2690084950	2648145094	1.5590532187468653	53801699	15841663	18232603
SRR1795173_2	2690084950	2618178237	2.6730275934222822	53801699	46300100	18045684
SRR1795174_1	2613094750	2562738662	1.9270670533473768	52261895	25271672	17584533
SRR1795174_2	2613094750	2550316596	2.4024446109349844	52261895	37900719	17557106
SRR1795175_1	2716771100	2677283432	1.453477917223133	54335422	13128177	18365319
SRR1795175_2	2716771100	2647702660	2.5422988340828567	54335422	43103404	18229913
SRR1795176_1	2824527350	2780745649	1.5500540647977794	56490547	16259990	19132344
SRR1795176_2	2824527350	2759490399	2.3025781994994667	56490547	37970704	19054296
SRR1795177_1	2842983850	2801526382	1.4582379002961976	56859677	13872591	19251270
SRR1795177_2	2842983850	2771987118	2.4972611786028964	56859677	43879538	19107143
SRR1795178_1	2929139700	2884742608	1.5157041502663735	58582794	16211309	19805835
SRR1795178_2	2929139700	2846326228	2.8272284862343713	58582794	55099142	19610304
SRR1795179_1	2727522100	2686988454	1.4860978028372347	54550442	13961246	18472693
SRR1795179_2	2727522100	2650238013	2.8334907717154705	54550442	51398550	18275256
SRR1795180_1	2651044050	2610329230	1.5358032243938007	53020881	15004126	17895373
SRR1795180_2	2651044050	2569276632	3.084347768570651	53020881	56647743	17683552
SRR1795181_1	2635316928	2609481812	0.9803418983691967	52946436	374487	17932022
SRR1795181_2	2622040467	2596319257	0.9809615955099598	52946436	429891	17869869
SRR1795182_1	2800726195	2773117726	0.9857610875810728	56290720	456412	19069717
SRR1795182_2	2785445248	2758018921	0.9846299086184731	56290720	468356	19005325
SRR1795183_1	2592525855	2564679036	1.0741192395938517	52242214	2877436	17547408
SRR1795183_2	2596670602	2571286489	0.977563845812739	52242214	348589	17629376
SRR1795184_1	2642041600	2586609745	2.0980689706021285	52840832	30138682	17678329
SRR1795184_2	2642041600	2572222259	2.642628374965784	52840832	44635216	17758393
SRR1795185_1	2479319700	2430335435	1.9757139428206858	49586394	24979536	16731573
SRR1795185_2	2479319700	2363778829	4.660184444950766	49586394	91931063	16573925
SRR1795186_1	2387032450	2328637725	2.4463314271240844	47740649	35350203	16106679
SRR1795186_2	2387032450	2272650122	4.791821242312814	47740649	91740863	15953623
SRR1795187_1	2379538450	2332030353	1.9965257127910667	47590769	24598170	16005105
SRR1795187_2	2379538450	2262738009	4.9085334595034595	47590769	94232331	15839910
SRR1795188_1	2524635500	2462638969	2.455662649123012	50492710	37275374	16999530
SRR1795188_2	2524635500	2403165543	4.811385920858675	50492710	97516114	16809378
SRR1795189_1	2531103200	2468729446	2.464291222894428	50622064	37937838	17076751
SRR1795189_2	2531103200	2409977915	4.785473978303216	50622064	97066627	16927825
SRR1795190_1	2573456200	2489031542	3.280594322918727	51469124	59498336	17358380
SRR1795190_2	2573456200	2455219965	4.594452977284012	51469124	93662371	17225022
SRR1795191_1	2763003100	2672263224	3.2841033004993734	55260062	64131429	18555046
SRR1795191_2	2763003100	2621744590	5.112499149928569	55260062	115138700	18357372
SRR1795192_1	2634006000	2547666343	3.277883839292697	52680120	60831174	17716224
SRR1795192_2	2634006000	2501065333	5.0470905153594945	52680120	107970615	17534503
SRR1795193_1	2352197200	2292831057	2.5238590965077248	47043944	36216973	15870527
SRR1795193_2	2352197200	2241780687	4.694186057189423	47043944	88036754	15630208
SRR1795194_1	2326523900	2243692016	3.560328092911489	46530478	59815641	15707945
SRR1795194_2	2326523900	2221895900	4.497181395815448	46530478	82191119	15518460
SRR1795195_1	4092559650	4034223099	1.425429461974977	54567462	31276453	18379800
SRR1795195_2	2656334450	2525812492	4.913611612423278	54567462	104706293	18179766
SRR1795196_1	2333269600	2273747458	2.5510186221086495	46665392	36822559	15727235
SRR1795196_2	2333269600	2231763184	4.350393799327776	46665392	79225388	15537687
SRR1795197_1	2610663400	2569863264	1.562826368194383	52213268	15478406	17665042
SRR1795197_2	2610663400	2549668615	2.336371092497026	52213268	36002732	17575750
SRR1795198_1	3037701050	2979064624	1.9302895523573658	60754021	29373439	20467694
SRR1795198_2	3037701050	2967128521	2.323221667912318	60754021	41589130	20415279
SRR1795199_1	2755116450	2714949259	1.4579126410428132	55102329	13333605	18660655
SRR1795199_2	2755116450	2677886840	2.8031341470158186	55102329	51028306	18431070
SRR1795200_1	2865992100	2824110278	1.4613376638407343	57319842	14111409	19364267
SRR1795200_2	2865992100	2785219763	2.8183028487761708	57319842	53555095	19132429
SRR1795201_1	2683167050	2604027591	2.949479384818772	53663341	53680894	17692089
SRR1795201_2	2683167050	2616580965	2.481622789755114	53663341	41048508	17990476
SRR1795202_1	2891380200	2848470910	1.4840417735446898	57827604	14858364	19586222
SRR1795202_2	2891380200	2806587997	2.9325857249766045	57827604	57294200	19355833
SRR1795203_1	2620362700	2543595026	2.9296583255440174	52407254	51844504	17348932
SRR1795203_2	2620362700	2552243890	2.5995947049620267	52407254	43133815	17608189
SRR1795204_1	2556256450	2516786550	1.5440508717347197	51125129	14592715	17351153
SRR1795204_2	2556256450	2498004044	2.2788169786329537	51125129	33690530	17298193
SRR1795205_1	2645918850	2607157902	1.4649333633191357	52918377	12893316	17884019
SRR1795205_2	2645918850	2579957056	2.492963606952647	52918377	40651119	17732678
SRR1795206_1	2635756150	2597569436	1.4487954054475032	52715123	12644552	17876144
SRR1795206_2	2635756150	2563241376	2.751194339430831	52715123	47526016	17679310
SRR1795207_1	2692148716	2659266742	1.2214025846557282	54729456	7028597	18090788
SRR1795207_2	2719084774	2692466887	0.978928176661549	54729456	394935	18480971
SRR1795208_1	2578225049	2552885729	0.9828203325318015	51822820	353891	17536379
SRR1795208_2	2571141931	2545906338	0.9814935805657785	51822820	376393	17492633
SRR1795209_1	2566205450	2511548304	2.12988192352253	51324109	30142358	17106711
SRR1795209_2	2566205450	2495870398	2.740819212273125	51324109	45974138	17161857
SRR1795210_1	2818353250	2777587572	1.4464360704251678	56367065	13480232	19084572
SRR1795210_2	2818353250	2742430258	2.6938777812894816	56367065	49183943	18867553
SRR1795211_1	2620240500	2579175312	1.5672297256683116	52404810	15600379	17704621
SRR1795211_2	2620240500	2547139705	2.789850588142577	52404810	48240228	17557853
SRR1795212_1	2659064800	2601386636	2.1691146451188406	53181296	32124149	17785475
SRR1795212_2	2659064800	2589301436	2.623605261519012	53181296	44508528	17784441
SRR1795213_1	2291216600	2234449399	2.4776008082343677	45824332	34674320	15412834
SRR1795213_2	2291216600	2183596357	4.697078530244587	45824332	85834741	15291794
SRR1795214_1	2543572850	2495346508	1.8960078929919386	50871457	23501169	17222607
SRR1795214_2	2543572850	2418561787	4.914782094800233	50871457	100678294	17012945
SRR1795215_1	2641031700	2576700915	2.4358202516084906	52820634	38834092	17772366
SRR1795215_2	2641031700	2515210064	4.764109268359028	52820634	100727999	17603021
SRR1795216_1	2557977650	2495381699	2.447087487257756	51159553	37840747	17219704
SRR1795216_2	2557977650	2436437280	4.751424235469766	51159553	97201173	17051885
SRR1795217_1	2247711500	2187218008	2.6913370332447024	44954230	38751952	15130118
SRR1795217_2	2247711500	2139949913	4.7942801823098735	44954230	86416159	14992197
SRR1795218_1	2432146300	2352686465	3.267066417838434	48642926	55948890	16422799
SRR1795218_2	2432146300	2311214061	4.9722436105097785	48642926	97872895	16246635
SRR1795219_1	2262481900	2204560771	2.560070381115535	45249638	35904611	15149476
SRR1795219_2	2262481900	2157426438	4.643372483996447	45249638	83607421	14943284
SRR1795220_1	2236259700	2166105145	3.1371380971539216	44725194	47962130	15066884
SRR1795220_2	2236259700	2134679259	4.542425953479374	44725194	80216161	14841040
SRR1795221_1	2016350637	1982442005	1.6816833033787466	39536287	12413465	13494789
SRR1795221_2	2016350637	1952125034	3.18523980013502	39536287	45414416	13436957
SRR1795222_1	2174837625	2138278209	1.6810181863577058	42643875	14099681	14664719
SRR1795222_2	2174837625	2103716259	3.270191998816464	42643875	50717296	14586270
SRR1795223_1	2113850142	2072077138	1.9761573051000132	41448042	14269792	14480187
SRR1795223_2	2113850142	2032723451	3.8378638763504176	41448042	61599086	14064735
SRR1795224_1	2144563515	2105816846	1.8067391676203166	42050265	13435316	14480721
SRR1795224_2	2144563515	2056425441	4.10983742768747	42050265	68163732	14276696
SRR1795225_1	2020855059	1984448700	1.8015324175705765	39624609	12330027	13581622
SRR1795225_2	2020855059	1954333674	3.29174448725271	39624609	47714042	13452091
SRR1795226_1	1988795643	1957036614	1.596897555150165	38995993	11544444	13364225
SRR1795226_2	1988795643	1923301446	3.293158712938713	38995993	46849576	13329310
SRR1795227_1	2078842212	2042576229	1.744527929568519	40761612	12210425	14038243
SRR1795227_2	2078842212	2005115845	3.5465109653064903	40761612	54235017	13952122
SRR1795228_1	2143940040	2106298701	1.7557085691631562	42038040	14595064	14472125
SRR1795228_2	2143940040	2051877531	4.2940803978827695	42038040	72244749	14283485
