Sample	FastQC_mqc-generalstats-fastqc-percent_duplicates	FastQC_mqc-generalstats-fastqc-avg_sequence_length	FastQC_mqc-generalstats-fastqc-percent_fails	FastQC_mqc-generalstats-fastqc-percent_gc	FastQC_mqc-generalstats-fastqc-total_sequences	Cutadapt_mqc-generalstats-cutadapt-percent_trimmed
SRR1795021_1	52.7488840979004	51.0	9.090909090909092	48.0	39498953.0	1.5916102195139694
SRR1795021_2	54.216194308987106	51.0	9.090909090909092	47.0	39498953.0	3.0419411916276045
SRR1795022_1	60.85517646574565	51.0	9.090909090909092	47.0	44851494.0	1.6688409488415608
SRR1795022_2	61.938127401663266	51.0	9.090909090909092	46.0	44851494.0	3.1274157910600544
SRR1795023_1	52.07359959151572	51.0	9.090909090909092	48.0	38214567.0	1.917502594561624
SRR1795023_2	52.987201457249746	51.0	9.090909090909092	48.0	38214567.0	3.389555559774253
SRR1795024_1	51.79852875864777	51.0	9.090909090909092	48.0	41846695.0	1.8774448205363343
SRR1795024_2	41.96833796394146	51.0	27.27272727272727	47.0	41846695.0	3.3714044871194164
SRR1795025_1	52.49284048424149	51.0	9.090909090909092	48.0	38950059.0	1.768016904546872
SRR1795025_2	53.293941426514664	51.0	9.090909090909092	48.0	38950059.0	3.5227300964560593
SRR1795026_1	52.070046374532865	51.0	9.090909090909092	48.0	40794543.0	1.8169041508763542
SRR1795026_2	40.407237914086316	51.0	27.27272727272727	48.0	40794543.0	3.291588077663942
SRR1795027_1	52.26846095740878	51.0	9.090909090909092	48.0	38555804.0	1.7061167226803082
SRR1795027_2	53.694516565339136	51.0	9.090909090909092	47.0	38555804.0	2.8105746337408073
SRR1795028_1	54.774360738146186	51.0	9.090909090909092	47.0	50577206.0	1.6945300631757194
SRR1795028_2	56.30094733207806	51.0	9.090909090909092	47.0	50577206.0	2.953668612741339
SRR1795029_1	49.36389055167345	50.0	18.181818181818183	48.0	55787458.0	1.528924296927098
SRR1795029_2	48.58050172621143	50.0	18.181818181818183	48.0	55787458.0	2.8921021280446224
SRR1795030_1	50.4455852445872	50.0	18.181818181818183	48.0	59251122.0	1.4972335882517127
SRR1795030_2	49.537598944181006	50.0	9.090909090909092	48.0	59251122.0	2.699815068480897
SRR1795031_1	48.37228010454096	50.0	27.27272727272727	48.0	58166646.0	2.2076725551615954
SRR1795031_2	49.56097096410469	50.0	9.090909090909092	48.0	58166646.0	2.642486245467892
SRR1795032_1	49.62336720357451	50.0	9.090909090909092	48.0	55902956.0	1.508598829729147
SRR1795032_2	48.652205432632314	50.0	9.090909090909092	48.0	55902956.0	2.79053501213782
SRR1795033_1	49.25988865191178	50.0	9.090909090909092	48.0	54817855.0	1.445022538733046
SRR1795033_2	48.21546495350232	50.0	18.181818181818183	48.0	54817855.0	2.4902690920686332
SRR1795034_1	49.87930779981764	50.0	18.181818181818183	48.0	57314075.0	1.5430371335487836
SRR1795034_2	49.11388756510245	50.0	9.090909090909092	48.0	57314075.0	2.769935831643449
SRR1795035_1	48.73427758024982	50.0	27.27272727272727	48.0	61287495.0	2.1138881920365646
SRR1795035_2	50.0947308081136	50.0	18.181818181818183	48.0	61287495.0	2.7340086586994623
SRR1795036_1	48.808823778334734	50.0	9.090909090909092	48.0	52114304.0	1.4737964072205587
SRR1795036_2	45.31150034965348	50.0	18.181818181818183	48.0	52114304.0	2.8552078907165295
SRR1795037_1	54.65413148596953	51.0	9.090909090909092	47.0	43124447.0	1.7214719866664119
SRR1795037_2	53.72373228928822	51.0	9.090909090909092	47.0	43124447.0	3.272874023241183
SRR1795038_1	56.12934734487543	51.0	9.090909090909092	47.0	44020075.0	1.658991703573569
SRR1795038_2	54.4911933584624	51.0	9.090909090909092	47.0	44020075.0	3.315958796116562
SRR1795039_1	54.411612915512585	51.0	9.090909090909092	47.0	45370715.0	1.6529509113066072
SRR1795039_2	53.450412335288334	51.0	9.090909090909092	47.0	45370715.0	3.365114241988169
SRR1795040_1	54.48961150901614	51.0	9.090909090909092	47.0	46158528.0	1.697476905981873
SRR1795040_2	53.702557247305734	51.0	9.090909090909092	47.0	46158528.0	3.5731675607584537
SRR1795041_1	54.29159929321913	51.0	9.090909090909092	47.0	42496153.0	1.8200261977762053
SRR1795041_2	52.06543008402557	51.0	18.181818181818183	47.0	42496153.0	4.3591949070187646
SRR1795042_1	53.74817806180585	51.0	9.090909090909092	47.0	47206499.0	1.6373906565737242
SRR1795042_2	52.088022585290894	51.0	9.090909090909092	47.0	47206499.0	3.7948598776538764
SRR1795043_1	55.716357948104516	51.0	9.090909090909092	47.0	51489367.0	1.9491065552446594
SRR1795043_2	54.4464857952991	51.0	9.090909090909092	47.0	51489367.0	3.9414365025741196
SRR1795044_1	52.23162531316159	51.0	9.090909090909092	47.0	38272896.0	1.6879385369330653
SRR1795044_2	51.111132980724626	51.0	9.090909090909092	47.0	38272896.0	3.4733370233249836
SRR1795045_1	53.99289954849449	51.0	9.090909090909092	48.0	46215122.0	1.704462049643133
SRR1795045_2	54.86527253624958	51.0	9.090909090909092	47.0	46215122.0	3.123563635941585
SRR1795046_1	51.11443114669049	51.0	9.090909090909092	48.0	37775085.0	1.7194626833958904
SRR1795046_2	51.68522102694453	51.0	9.090909090909092	47.0	37775085.0	3.208889471698597
SRR1795047_1	52.95889451983338	51.0	9.090909090909092	48.0	44918121.0	2.080097835671038
SRR1795047_2	53.99602133778386	51.0	9.090909090909092	47.0	44918121.0	3.302227467199184
SRR1795048_1	59.22900996113694	51.0	9.090909090909092	48.0	47636992.0	1.825082762177269
SRR1795048_2	60.59689491098709	51.0	9.090909090909092	47.0	47636992.0	3.5080656250849565
SRR1795049_1	51.15382766479413	51.0	9.090909090909092	48.0	40683276.0	1.7887184761369852
SRR1795049_2	52.500089397589086	51.0	9.090909090909092	47.0	40683276.0	2.917135180713434
SRR1795050_1	55.12837051304691	51.0	9.090909090909092	48.0	51675498.0	1.8197933847055467
SRR1795050_2	55.921930962989705	51.0	9.090909090909092	47.0	51675498.0	3.1359446970703337
SRR1795051_1	51.38978916527198	51.0	9.090909090909092	48.0	39551370.0	1.9638832371424708
SRR1795051_2	52.36112150859432	51.0	9.090909090909092	47.0	39551370.0	3.4188935434957566
SRR1795052_1	51.2170130812195	51.0	9.090909090909092	48.0	37957958.0	1.6940587732539745
SRR1795052_2	52.11883321554459	51.0	9.090909090909092	48.0	37957958.0	3.5055499984441503
SRR1795053_1	39.097777806722135	50.0	36.36363636363637	48.0	50903162.0	2.729352019428577
SRR1795053_2	47.25034588671186	50.0	36.36363636363637	49.0	50903162.0	4.801595704408304
SRR1795054_1	26.3562760211085	50.0	18.181818181818183	48.0	48909279.0	1.881030346000398
SRR1795054_2	44.44119247765599	50.0	36.36363636363637	48.0	48909279.0	4.749886335474297
SRR1795055_1	46.95358976972756	50.0	27.27272727272727	48.0	57302342.0	1.9347068571822075
SRR1795055_2	49.87355470517656	50.0	36.36363636363637	48.0	57302342.0	4.654497646885009
SRR1795056_1	38.22452657464822	50.0	36.36363636363637	48.0	51384839.0	2.4531393394070964
SRR1795056_2	47.884712413933094	50.0	36.36363636363637	49.0	51384839.0	4.734098865231435
SRR1795057_1	38.18180684998281	50.0	36.36363636363637	48.0	47664245.0	2.660025434159295
SRR1795057_2	46.56494842898298	50.0	36.36363636363637	49.0	47664245.0	4.8543996028889165
SRR1795058_1	44.78006945839932	50.0	36.36363636363637	48.0	48760818.0	3.3157112335564185
SRR1795058_2	46.32214753732974	50.0	36.36363636363637	49.0	48760818.0	4.758993009510218
SRR1795059_1	45.33888289626844	50.0	27.27272727272727	48.0	52331336.0	1.9142710593132957
SRR1795059_2	48.30903853187555	50.0	36.36363636363637	49.0	52331336.0	4.846479669466111
SRR1795060_1	26.52667151945093	50.0	18.181818181818183	48.0	50919254.0	1.9027047018402903
SRR1795060_2	44.647070720481295	50.0	36.36363636363637	49.0	50919254.0	4.772244542310066
SRR1795061_1	54.79408221579836	51.0	9.090909090909092	47.0	39769898.0	1.9427661042510487
SRR1795061_2	53.4455153703515	51.0	9.090909090909092	47.0	39769898.0	4.019624857680935
SRR1795062_1	52.55515951060315	51.0	9.090909090909092	47.0	39060711.0	1.8002828328183884
SRR1795062_2	51.81957187798155	51.0	9.090909090909092	47.0	39060711.0	3.5809575268310794
SRR1795063_1	53.31384091151013	51.0	9.090909090909092	47.0	40606791.0	1.7740867676107501
SRR1795063_2	51.90512108080361	51.0	9.090909090909092	47.0	40606791.0	3.5585902223045576
SRR1795064_1	53.22627240738865	51.0	9.090909090909092	47.0	39596570.0	1.6738959272205134
SRR1795064_2	51.90527447696549	51.0	9.090909090909092	47.0	39596570.0	3.3656271782344467
SRR1795065_1	54.19903461726258	51.0	9.090909090909092	47.0	44095662.0	1.7412007557568814
SRR1795065_2	52.54441551872118	51.0	9.090909090909092	47.0	44095662.0	4.059789239985717
SRR1795066_1	54.416484936351054	51.0	9.090909090909092	47.0	43299496.0	1.7593537664398917
SRR1795066_2	52.27968379852942	51.0	18.181818181818183	47.0	43299496.0	4.365999603157995
SRR1795067_1	54.55345638736773	51.0	9.090909090909092	47.0	41778790.0	1.7324279879345288
SRR1795067_2	53.302080236068015	51.0	9.090909090909092	47.0	41778790.0	3.3174927596834025
SRR1795068_1	54.38200935934538	51.0	9.090909090909092	47.0	41802988.0	1.713666459234267
SRR1795068_2	53.72090371855525	51.0	9.090909090909092	47.0	41802988.0	3.5212991351287157
SRR1795069_1	53.03659727030421	51.0	9.090909090909092	48.0	44496974.0	1.7691167308696225
SRR1795069_2	54.22938966313161	51.0	9.090909090909092	47.0	44496974.0	3.1060056565009675
SRR1795070_1	55.76751039715437	51.0	9.090909090909092	48.0	51741800.0	1.7262236266820794
SRR1795070_2	56.847026806650426	51.0	9.090909090909092	47.0	51741800.0	3.082098449776147
SRR1795071_1	52.77238896056372	51.0	9.090909090909092	48.0	44166839.0	1.6208424658892642
SRR1795071_2	54.31769508848287	51.0	9.090909090909092	47.0	44166839.0	2.6900002475417644
SRR1795072_1	57.35152990166325	51.0	9.090909090909092	48.0	47855065.0	1.80618015308204
SRR1795072_2	47.709213611742676	51.0	27.27272727272727	47.0	47855065.0	3.0746864434902164
SRR1795073_1	53.344208258225535	51.0	9.090909090909092	47.0	40467966.0	1.7391381210743622
SRR1795073_2	54.3130676223157	51.0	9.090909090909092	47.0	40467966.0	2.8988866180731496
SRR1795074_1	51.799180438533824	51.0	9.090909090909092	48.0	39498881.0	1.696450491304586
SRR1795074_2	52.767836314123215	51.0	9.090909090909092	47.0	39498881.0	2.952026194680022
SRR1795075_1	51.640812560955105	51.0	9.090909090909092	48.0	38996877.0	1.7420335640582443
SRR1795075_2	52.59869693042622	51.0	9.090909090909092	47.0	38996877.0	2.9835523375220987
SRR1795076_1	54.24320569069885	51.0	9.090909090909092	47.0	44209793.0	1.6679354366612138
SRR1795076_2	55.697249167016565	51.0	9.090909090909092	47.0	44209793.0	2.909161715706336
SRR1795077_1	47.61770129105097	50.0	27.27272727272727	48.0	55930253.0	2.1603919081145584
SRR1795077_2	48.690392752412095	50.0	9.090909090909092	48.0	55930253.0	2.502570585546967
SRR1795078_1	50.96182361740341	50.0	18.181818181818183	48.0	56947448.0	1.5339493703036526
SRR1795078_2	49.98234885968057	50.0	18.181818181818183	48.0	56947448.0	2.915760228623414
SRR1795079_1	50.55523702274011	50.0	18.181818181818183	49.0	58697559.0	1.4880782010032136
SRR1795079_2	46.96333478687739	50.0	18.181818181818183	49.0	58697559.0	2.8816672257188753
SRR1795080_1	49.21800267532163	50.0	9.090909090909092	49.0	54672021.0	1.5294273463935055
SRR1795080_2	48.36368113115561	50.0	9.090909090909092	49.0	54672021.0	2.7907704381369034
SRR1795081_1	49.42433599497507	50.0	18.181818181818183	48.0	55201105.0	1.5531515899908164
SRR1795081_2	48.85148611866865	50.0	9.090909090909092	48.0	55201105.0	2.7280921278659185
SRR1795082_1	48.99785124680783	50.0	27.27272727272727	48.0	59842124.0	2.1569769482112635
SRR1795082_2	50.10053318064854	50.0	18.181818181818183	48.0	59842124.0	2.511147766078624
SRR1795083_1	51.42754237744	50.0	18.181818181818183	49.0	63068421.0	1.557212951312036
SRR1795083_2	50.57547958414986	50.0	27.27272727272727	49.0	63068421.0	2.631159261145923
SRR1795084_1	47.129392966074825	50.0	27.27272727272727	49.0	54453738.0	2.1944405726563714
SRR1795084_2	48.26907722463819	50.0	9.090909090909092	49.0	54453738.0	2.5906870525582653
SRR1795085_1	54.58766815556902	51.0	9.090909090909092	47.0	43665640.0	1.6985357141131525
SRR1795085_2	53.43234613247751	51.0	9.090909090909092	47.0	43665640.0	3.224537959949521
SRR1795086_1	51.981283245753644	51.0	9.090909090909092	47.0	38153309.0	1.6752814643822642
SRR1795086_2	50.68109993351705	51.0	9.090909090909092	47.0	38153309.0	3.6084091426934384
SRR1795087_1	54.998953346184024	51.0	9.090909090909092	47.0	45031299.0	1.875397254469695
SRR1795087_2	52.83769443395299	51.0	18.181818181818183	47.0	45031299.0	4.715920573638453
SRR1795088_1	53.47959690442927	51.0	9.090909090909092	47.0	39323449.0	1.6775041034377103
SRR1795088_2	52.72749294794076	51.0	9.090909090909092	47.0	39323449.0	3.684794819917007
SRR1795089_1	55.22200428136825	51.0	9.090909090909092	48.0	49106722.0	1.8589053258090313
SRR1795089_2	54.80108447398065	51.0	9.090909090909092	47.0	49106722.0	3.4994571738719458
SRR1795090_1	54.57939834492607	51.0	9.090909090909092	47.0	42910134.0	1.857737308924393
SRR1795090_2	52.71733314263473	51.0	9.090909090909092	47.0	42910134.0	3.525333647657364
SRR1795091_1	53.59935540668807	51.0	9.090909090909092	47.0	43235319.0	1.6930355335772824
SRR1795091_2	52.42547020080083	51.0	9.090909090909092	47.0	43235319.0	3.7750291653006753
SRR1795092_1	55.213498173970976	51.0	9.090909090909092	47.0	40259053.0	1.7915850541009704
SRR1795092_2	53.27883862602189	51.0	9.090909090909092	47.0	40259053.0	3.9872456834520587
SRR1795093_1	52.963274011251	51.0	9.090909090909092	48.0	41808957.0	1.5716515426277171
SRR1795093_2	54.36572734159426	51.0	9.090909090909092	47.0	41808957.0	3.1063401360734875
SRR1795094_1	56.627350994902606	51.0	9.090909090909092	48.0	54269154.0	1.052797423195432
SRR1795094_2	58.426424413487695	51.0	9.090909090909092	47.0	54269154.0	0.9445489522283617
SRR1795095_1	51.19400628609998	51.0	9.090909090909092	48.0	40880555.0	1.7166653763221498
SRR1795095_2	52.66400060861139	51.0	9.090909090909092	47.0	40880555.0	3.106244569350497
SRR1795096_1	50.52870695853393	51.0	9.090909090909092	48.0	37990681.0	1.7883394439108196
SRR1795096_2	51.80254990590319	51.0	9.090909090909092	47.0	37990681.0	3.136382107940175
SRR1795097_1	50.66429204751156	51.0	9.090909090909092	48.0	37694699.0	1.675112793685383
SRR1795097_2	51.723978949553754	51.0	9.090909090909092	47.0	37694699.0	3.0157715279806316
SRR1795098_1	66.36911026522117	51.0	9.090909090909092	46.0	48391734.0	1.7505137972368523
SRR1795098_2	66.84630698089039	51.0	9.090909090909092	46.0	48391734.0	3.3598700400961445
SRR1795099_1	64.47260017375642	51.0	9.090909090909092	46.0	43539613.0	1.862623624254673
SRR1795099_2	65.06002714606296	51.0	9.090909090909092	46.0	43539613.0	3.2931055040770865
SRR1795100_1	52.15778292285921	51.0	9.090909090909092	48.0	41455227.0	1.8049321632955866
SRR1795100_2	53.12608112686587	51.0	9.090909090909092	47.0	41455227.0	3.2788418534852877
SRR1795101_1	49.189877615197815	49.767151124079525	10.0	48.0	56508235.0	0.9836138652078328
SRR1795101_2	48.69072491416432	49.51028217391678	10.0	48.0	56508235.0	0.9831036541490262
SRR1795102_1	44.44248803076212	49.536770187720506	10.0	48.0	55066866.0	1.116112320011756
SRR1795102_2	48.43619857928832	49.66968632280617	10.0	48.0	55066866.0	0.9848024419858242
SRR1795103_1	49.1871228856069	50.0	9.090909090909092	48.0	56190036.0	1.539213393634416
SRR1795103_2	48.79285682878657	50.0	9.090909090909092	48.0	56190036.0	2.3572797853341827
SRR1795104_1	48.10509618410834	50.0	27.27272727272727	48.0	56581482.0	2.1040543264667404
SRR1795104_2	49.1787168614664	50.0	9.090909090909092	48.0	56581482.0	2.7891987700145426
SRR1795105_1	49.76263653804599	50.0	9.090909090909092	48.0	51375514.0	1.5524836987518995
SRR1795105_2	48.92052973924529	50.0	18.181818181818183	48.0	51375514.0	2.9390413106134567
SRR1795106_1	44.34473736479907	49.51703368166203	10.0	48.0	55058150.0	1.1146430939317564
SRR1795106_2	49.10008320719882	49.690114033980436	10.0	48.0	55058150.0	0.9828029222898967
SRR1795107_1	43.7853369226559	49.50661514200911	10.0	49.0	56671119.0	1.1048837030442136
SRR1795107_2	48.55652251764246	49.67133424699096	10.0	49.0	56671119.0	0.9789914164738756
SRR1795108_1	46.407095109105725	49.61199769946227	10.0	49.0	55209701.0	1.0713360740965558
SRR1795108_2	49.10061187036433	49.69885573189393	10.0	49.0	55209701.0	0.9747648964894958
SRR1795109_1	53.56743065645482	51.0	9.090909090909092	47.0	42120216.0	1.6711226984117995
SRR1795109_2	52.111906214419726	51.0	9.090909090909092	47.0	42120216.0	3.264302292444531
SRR1795110_1	53.487127909540256	51.0	9.090909090909092	47.0	40220510.0	1.6758004565234963
SRR1795110_2	52.34702589092895	51.0	9.090909090909092	47.0	40220510.0	3.2623594475632887
SRR1795111_1	54.42644874504052	51.0	9.090909090909092	47.0	45487154.0	1.6297077338948633
SRR1795111_2	53.355880742014016	51.0	9.090909090909092	47.0	45487154.0	3.4936153105348997
SRR1795112_1	53.24200539661258	51.0	9.090909090909092	48.0	39352249.0	2.0273331175318297
SRR1795112_2	52.19334440644335	51.0	9.090909090909092	47.0	39352249.0	4.125455522025602
SRR1795113_1	54.222025496489536	51.0	9.090909090909092	47.0	40316681.0	1.8512803767789532
SRR1795113_2	52.710574366687595	51.0	9.090909090909092	47.0	40316681.0	4.1528388319309455
SRR1795114_1	55.03272849170733	51.0	9.090909090909092	47.0	39422045.0	1.7063691836660944
SRR1795114_2	53.94902780734165	51.0	9.090909090909092	47.0	39422045.0	3.3059235924328885
SRR1795115_1	53.38996066251759	51.0	9.090909090909092	47.0	41906770.0	1.709740220877878
SRR1795115_2	51.5523695202922	51.0	9.090909090909092	47.0	41906770.0	3.529083772402032
SRR1795116_1	54.142641797728	51.0	9.090909090909092	47.0	45224923.0	1.641372937348779
SRR1795116_2	53.32836524610611	51.0	9.090909090909092	47.0	45224923.0	3.07114586561303
SRR1795117_1	53.121698758803404	51.0	9.090909090909092	48.0	40270929.0	1.6154573108225705
SRR1795117_2	54.45714016288637	51.0	18.181818181818183	47.0	40270929.0	3.1895924958963944
SRR1795118_1	54.313207259771254	51.0	9.090909090909092	48.0	46769379.0	1.7216474136241338
SRR1795118_2	55.74429340362083	51.0	9.090909090909092	47.0	46769379.0	2.9838615342827657
SRR1795119_1	53.27403616402787	51.0	9.090909090909092	48.0	43966026.0	1.6279594576761895
SRR1795119_2	54.78868236725565	51.0	9.090909090909092	47.0	43966026.0	2.694562031003791
SRR1795120_1	51.77158362439917	51.0	9.090909090909092	48.0	38142306.0	1.789269960577139
SRR1795120_2	52.4439966770572	51.0	9.090909090909092	47.0	38142306.0	3.382635379347284
SRR1795121_1	51.2559138353878	51.0	9.090909090909092	48.0	38253143.0	1.8606519290120942
SRR1795121_2	51.87779444755191	51.0	9.090909090909092	47.0	38253143.0	3.399726181054087
SRR1795122_1	51.48567227748849	51.0	9.090909090909092	48.0	39401657.0	1.6668588328658358
SRR1795122_2	52.191278179860845	51.0	9.090909090909092	47.0	39401657.0	2.9967581133483203
SRR1795123_1	51.30679237930734	51.0	9.090909090909092	48.0	40531114.0	1.8034149193697095
SRR1795123_2	51.79644554477925	51.0	9.090909090909092	47.0	40531114.0	3.3006918982745734
SRR1795124_1	74.54698510940312	51.0	9.090909090909092	45.0	52467473.0	2.500303490552193
SRR1795124_2	73.11305510062093	51.0	9.090909090909092	45.0	52467473.0	3.650699668240356
SRR1795125_1	44.412416723222094	50.0	36.36363636363637	48.0	45345096.0	3.3246173742801206
SRR1795125_2	45.98475610921828	50.0	36.36363636363637	48.0	45345096.0	4.996592266559541
SRR1795126_1	39.0029077332088	50.0	36.36363636363637	48.0	52958866.0	2.6210346724569216
SRR1795126_2	47.274768851987034	50.0	36.36363636363637	49.0	52958866.0	4.750351338716354
SRR1795127_1	44.98223927211609	50.0	36.36363636363637	49.0	50959322.0	3.2909211782684236
SRR1795127_2	46.59457244832039	50.0	36.36363636363637	49.0	50959322.0	4.7132798195392
SRR1795128_1	45.031388936222214	50.0	36.36363636363637	49.0	47696523.0	3.318545211356392
SRR1795128_2	46.47241368146188	50.0	36.36363636363637	49.0	47696523.0	4.731904713473559
SRR1795129_1	50.567789799047894	50.0	18.181818181818183	48.0	55224784.0	1.5543481347070547
SRR1795129_2	49.79507573407379	50.0	18.181818181818183	48.0	55224784.0	2.609746884659612
SRR1795130_1	51.8056185279548	50.0	18.181818181818183	48.0	60776824.0	1.543714623850697
SRR1795130_2	50.86471655371244	50.0	27.27272727272727	48.0	60776824.0	2.9323741233994065
SRR1795131_1	42.06655263001067	50.0	27.27272727272727	49.0	59684853.0	2.947657892363411
SRR1795131_2	47.5914549385676	50.0	18.181818181818183	49.0	59684853.0	2.5219813475958466
SRR1795132_1	49.67549028771083	50.0	18.181818181818183	49.0	54846262.0	1.5466807200096881
SRR1795132_2	48.898715316510675	50.0	9.090909090909092	49.0	54846262.0	2.709984027717331
SRR1795133_1	53.76701100210533	51.0	9.090909090909092	47.0	39416718.0	1.8115401852445194
SRR1795133_2	52.90723877729452	51.0	9.090909090909092	47.0	39416718.0	3.8028811063585444
SRR1795134_1	57.477170605925764	51.0	9.090909090909092	47.0	43226195.0	1.7598331334987598
SRR1795134_2	55.97364890850624	51.0	9.090909090909092	47.0	43226195.0	3.3030403593623423
SRR1795135_1	54.596564104391014	51.0	9.090909090909092	47.0	43548246.0	1.8041537960755831
SRR1795135_2	53.706808997796756	51.0	9.090909090909092	47.0	43548246.0	3.692994913742155
SRR1795136_1	52.33194417871261	51.0	9.090909090909092	47.0	38438396.0	1.740022974862498
SRR1795136_2	51.11762257772908	51.0	9.090909090909092	47.0	38438396.0	3.787995946430598
SRR1795137_1	54.19937755382407	51.0	9.090909090909092	47.0	40815388.0	2.0643922960874366
SRR1795137_2	53.304405943819404	51.0	9.090909090909092	47.0	40815388.0	4.013937336671198
SRR1795138_1	53.48130454928256	51.0	9.090909090909092	48.0	39758323.0	1.7312016532941774
SRR1795138_2	52.31237417693133	51.0	9.090909090909092	47.0	39758323.0	3.6511510099777245
SRR1795139_1	55.10771133525766	51.0	9.090909090909092	47.0	39602766.0	1.8379421810498553
SRR1795139_2	53.55259324966757	51.0	9.090909090909092	47.0	39602766.0	3.4966190562171797
SRR1795140_1	57.3577716098973	51.0	9.090909090909092	47.0	46229338.0	1.7845051589720522
SRR1795140_2	56.056751707976815	51.0	9.090909090909092	47.0	46229338.0	3.774089450788698
SRR1795141_1	52.43707036802699	51.0	9.090909090909092	48.0	40719720.0	1.647769237135823
SRR1795141_2	53.60992811651023	51.0	9.090909090909092	48.0	40719720.0	3.1442406293367364
SRR1795142_1	52.65480094316023	51.0	9.090909090909092	48.0	40840165.0	1.721896694052025
SRR1795142_2	53.64455659853021	51.0	9.090909090909092	47.0	40840165.0	2.9970117148443562
SRR1795143_1	52.61114190608424	51.0	9.090909090909092	48.0	39433396.0	1.5769467754353863
SRR1795143_2	53.843542917841766	51.0	9.090909090909092	48.0	39433396.0	3.1208504926467233
SRR1795144_1	52.67094196835683	51.0	9.090909090909092	48.0	43091931.0	1.877504630739337
SRR1795144_2	53.93159771439613	51.0	9.090909090909092	47.0	43091931.0	3.2258238878215244
SRR1795145_1	51.360773691433344	51.0	9.090909090909092	48.0	38495555.0	1.6729686038286962
SRR1795145_2	52.67331976055221	51.0	9.090909090909092	47.0	38495555.0	2.9094456107831608
SRR1795146_1	51.23238280814182	51.0	9.090909090909092	48.0	38480180.0	1.8865825288269868
SRR1795146_2	52.27471838010188	51.0	9.090909090909092	48.0	38480180.0	2.998698520212988
SRR1795147_1	62.388241615151365	51.0	9.090909090909092	46.0	39923449.0	1.7990835312811562
SRR1795147_2	63.01957324840154	51.0	9.090909090909092	46.0	39923449.0	2.803266389762519
SRR1795148_1	63.81412701406441	51.0	9.090909090909092	46.0	42544481.0	1.9334608922853807
SRR1795148_2	52.720464352839805	51.0	36.36363636363637	46.0	42544481.0	3.0691793179113076
SRR1795149_1	43.45890320124135	50.0	36.36363636363637	48.0	44805967.0	3.233887977465144
SRR1795149_2	45.54291219624312	50.0	27.27272727272727	48.0	44805967.0	4.419965224721074
SRR1795150_1	37.28374435940586	50.0	36.36363636363637	49.0	47042469.0	2.4903264324838053
SRR1795150_2	44.825995786391694	50.0	27.27272727272727	49.0	47042469.0	4.732613545432745
SRR1795151_1	38.54873875668423	50.0	36.36363636363637	49.0	43258202.0	2.5849673086273905
SRR1795151_2	45.75274049216604	50.0	27.27272727272727	49.0	43258202.0	4.517818008247314
SRR1795152_1	39.54933083250886	50.0	36.36363636363637	48.0	44150591.0	2.2460660152884477
SRR1795152_2	46.02498363102811	50.0	27.27272727272727	49.0	44150591.0	4.581223929709117
SRR1795153_1	37.20324419098887	50.0	36.36363636363637	48.0	49941737.0	2.48883650162188
SRR1795153_2	46.6980242150906	50.0	36.36363636363637	48.0	49941737.0	4.747800261732987
SRR1795154_1	40.31749668206053	50.0	27.27272727272727	49.0	37762454.0	1.9369113564494511
SRR1795154_2	43.417004489480505	50.0	36.36363636363637	49.0	37762454.0	4.663532195232863
SRR1795155_1	37.677863530948954	50.0	36.36363636363637	49.0	41902656.0	2.5505949312616365
SRR1795155_2	44.91972561764469	50.0	27.27272727272727	49.0	41902656.0	4.450460180853452
SRR1795156_1	36.79582243154185	50.0	36.36363636363637	49.0	42066708.0	2.481094123172177
SRR1795156_2	44.49337851114168	50.0	27.27272727272727	49.0	42066708.0	4.467565229967603
SRR1795157_1	55.74168693429035	51.0	9.090909090909092	47.0	41069434.0	1.6172183706562624
SRR1795157_2	54.979852572147045	51.0	9.090909090909092	47.0	41069434.0	3.4606322035592925
SRR1795158_1	55.20355507126277	51.0	9.090909090909092	47.0	42791234.0	1.6276238112822132
SRR1795158_2	53.985231254319864	51.0	9.090909090909092	46.0	42791234.0	3.5574973135853014
SRR1795159_1	55.67388491949463	51.0	9.090909090909092	47.0	45777848.0	1.9627207327996068
SRR1795159_2	55.229116238459866	51.0	9.090909090909092	47.0	45777848.0	3.7426842216734326
SRR1795160_1	54.19241000301203	51.0	9.090909090909092	47.0	42348114.0	1.699175052365482
SRR1795160_2	52.66226744281408	51.0	9.090909090909092	47.0	42348114.0	3.330058524901857
SRR1795161_1	53.161007058345476	51.0	9.090909090909092	47.0	40374756.0	1.656845513402814
SRR1795161_2	52.040133890459046	51.0	9.090909090909092	47.0	40374756.0	3.649229993816812
SRR1795162_1	55.659600764770865	51.0	9.090909090909092	47.0	44418193.0	1.774684495413232
SRR1795162_2	53.5317728067269	51.0	18.181818181818183	47.0	44418193.0	4.259918903049479
SRR1795163_1	55.791107574298216	51.0	9.090909090909092	47.0	46345721.0	1.6517240747480204
SRR1795163_2	54.68312706207992	51.0	9.090909090909092	47.0	46345721.0	3.2138366869159842
SRR1795164_1	54.31146583784953	51.0	9.090909090909092	47.0	41679946.0	1.7165790840854682
SRR1795164_2	52.870105073007	51.0	9.090909090909092	47.0	41679946.0	3.3855066254964274
SRR1795165_1	58.93527108204223	51.0	9.090909090909092	47.0	38552392.0	1.8636514073586703
SRR1795165_2	59.46281711053118	51.0	9.090909090909092	47.0	38552392.0	3.6559379999549906
SRR1795166_1	52.41493352509613	51.0	9.090909090909092	48.0	38737035.0	1.9666524377440215
SRR1795166_2	42.026471320382385	51.0	27.27272727272727	47.0	38737035.0	3.2927022310465284
SRR1795167_1	51.55516607351845	51.0	9.090909090909092	48.0	39242315.0	1.6509444050932485
SRR1795167_2	52.71314381662545	51.0	9.090909090909092	47.0	39242315.0	2.9397988810163262
SRR1795168_1	54.595007523052914	51.0	9.090909090909092	48.0	38868261.0	1.7792024171487535
SRR1795168_2	55.54166172017505	51.0	9.090909090909092	47.0	38868261.0	3.506156447842332
SRR1795169_1	51.86498953344491	51.0	9.090909090909092	48.0	38440636.0	1.8083795185784495
SRR1795169_2	53.03073150858847	51.0	9.090909090909092	48.0	38440636.0	3.279098691699229
SRR1795170_1	51.755232858983106	51.0	9.090909090909092	47.0	39883019.0	1.668141364260569
SRR1795170_2	52.13637509528307	51.0	9.090909090909092	47.0	39883019.0	3.3563186279314294
SRR1795171_1	52.36711893745709	51.0	9.090909090909092	48.0	44506807.0	1.7726813400590564
SRR1795171_2	53.15925815549805	51.0	9.090909090909092	47.0	44506807.0	3.1725982420410173
SRR1795172_1	52.217149930387386	51.0	9.090909090909092	48.0	38791389.0	1.64258265526656
SRR1795172_2	53.10878602316876	51.0	9.090909090909092	47.0	38791389.0	3.1866344984803856
SRR1795173_1	49.672674729417295	50.0	18.181818181818183	48.0	53801699.0	1.5590532187468653
SRR1795173_2	49.288687690124455	50.0	9.090909090909092	48.0	53801699.0	2.6730275934222822
SRR1795174_1	48.213409175943454	50.0	18.181818181818183	48.0	52261895.0	1.9270670533473768
SRR1795174_2	48.2085586865577	50.0	9.090909090909092	48.0	52261895.0	2.4024446109349844
SRR1795175_1	50.108414710005	50.0	18.181818181818183	48.0	54335422.0	1.453477917223133
SRR1795175_2	48.81072221986765	50.0	18.181818181818183	49.0	54335422.0	2.5422988340828567
SRR1795176_1	49.148772232447826	50.0	9.090909090909092	48.0	56490547.0	1.5500540647977794
SRR1795176_2	48.703193092870556	50.0	9.090909090909092	48.0	56490547.0	2.3025781994994667
SRR1795177_1	50.787827172311836	50.0	18.181818181818183	48.0	56859677.0	1.4582379002961976
SRR1795177_2	49.63347281886307	50.0	18.181818181818183	48.0	56859677.0	2.4972611786028964
SRR1795178_1	50.572120839835534	50.0	27.27272727272727	48.0	58582794.0	1.5157041502663735
SRR1795178_2	49.737832454795814	50.0	18.181818181818183	48.0	58582794.0	2.8272284862343713
SRR1795179_1	49.20083367598811	50.0	9.090909090909092	48.0	54550442.0	1.4860978028372347
SRR1795179_2	45.746307448250754	50.0	18.181818181818183	48.0	54550442.0	2.8334907717154705
SRR1795180_1	48.91609600624146	50.0	18.181818181818183	49.0	53020881.0	1.5358032243938007
SRR1795180_2	48.3109697041588	50.0	18.181818181818183	49.0	53020881.0	3.084347768570651
SRR1795181_1	48.833993180848836	49.773263832149155	10.0	48.0	52946436.0	0.9803418983691967
SRR1795181_2	48.00258085513052	49.52251114692592	10.0	48.0	52946436.0	0.9809615955099598
SRR1795182_1	49.73993608732752	49.754669952702685	10.0	48.0	56290720.0	0.9857610875810728
SRR1795182_2	48.845494207470686	49.48320518906136	10.0	48.0	56290720.0	0.9846299086184731
SRR1795183_1	45.89333849126634	49.62511456731141	10.0	48.0	52242214.0	1.0741192395938517
SRR1795183_2	48.372566050176935	49.70445169111707	10.0	48.0	52242214.0	0.977563845812739
SRR1795184_1	47.57699797490004	50.0	27.27272727272727	48.0	52840832.0	2.0980689706021285
SRR1795184_2	48.82364891773574	50.0	9.090909090909092	48.0	52840832.0	2.642628374965784
SRR1795185_1	44.76852464251109	50.0	27.27272727272727	48.0	49586394.0	1.9757139428206858
SRR1795185_2	47.5864621273424	50.0	36.36363636363637	49.0	49586394.0	4.660184444950766
SRR1795186_1	37.22598346360431	50.0	36.36363636363637	48.0	47740649.0	2.4463314271240844
SRR1795186_2	46.66525162221195	50.0	36.36363636363637	48.0	47740649.0	4.791821242312814
SRR1795187_1	26.141770234939955	50.0	18.181818181818183	49.0	47590769.0	1.9965257127910667
SRR1795187_2	43.74095598937116	50.0	36.36363636363637	49.0	47590769.0	4.9085334595034595
SRR1795188_1	37.79133441842434	50.0	36.36363636363637	48.0	50492710.0	2.455662649123012
SRR1795188_2	48.056581468712004	50.0	36.36363636363637	49.0	50492710.0	4.811385920858675
SRR1795189_1	37.5657121988292	50.0	36.36363636363637	48.0	50622064.0	2.464291222894428
SRR1795189_2	48.018397060542085	50.0	36.36363636363637	48.0	50622064.0	4.785473978303216
SRR1795190_1	46.39910434520077	50.0	36.36363636363637	48.0	51469124.0	3.280594322918727
SRR1795190_2	47.71717049351755	50.0	36.36363636363637	48.0	51469124.0	4.594452977284012
SRR1795191_1	47.4703958055265	50.0	36.36363636363637	49.0	55260062.0	3.2841033004993734
SRR1795191_2	48.80187426674546	50.0	36.36363636363637	49.0	55260062.0	5.112499149928569
SRR1795192_1	47.34798852976686	50.0	36.36363636363637	49.0	52680120.0	3.277883839292697
SRR1795192_2	48.70351161105441	50.0	36.36363636363637	49.0	52680120.0	5.0470905153594945
SRR1795193_1	38.70631497403589	50.0	36.36363636363637	48.0	47043944.0	2.5238590965077248
SRR1795193_2	46.623742491009665	50.0	27.27272727272727	49.0	47043944.0	4.694186057189423
SRR1795194_1	46.5301279838293	50.0	36.36363636363637	48.0	46530478.0	3.560328092911489
SRR1795194_2	45.4198497364404	50.0	27.27272727272727	49.0	46530478.0	4.497181395815448
SRR1795195_1	39.33243002256266	75.0	36.36363636363637	49.0	54567462.0	1.425429461974977
SRR1795195_2	43.03899453113363	47.67982406804993	27.27272727272727	48.0	54567462.0	4.913611612423278
SRR1795196_1	39.525000630614024	50.0	36.36363636363637	49.0	46665392.0	2.5510186221086495
SRR1795196_2	46.8240332020335	50.0	27.27272727272727	49.0	46665392.0	4.350393799327776
SRR1795197_1	48.29845809825976	50.0	9.090909090909092	48.0	52213268.0	1.562826368194383
SRR1795197_2	48.00663570696994	50.0	9.090909090909092	49.0	52213268.0	2.336371092497026
SRR1795198_1	50.186050561992964	50.0	27.27272727272727	48.0	60754021.0	1.9302895523573658
SRR1795198_2	50.45078288378669	50.0	18.181818181818183	48.0	60754021.0	2.323221667912318
SRR1795199_1	50.04289619837691	50.0	18.181818181818183	48.0	55102329.0	1.4579126410428132
SRR1795199_2	49.17444716407686	50.0	9.090909090909092	48.0	55102329.0	2.8031341470158186
SRR1795200_1	50.755694791904205	50.0	18.181818181818183	49.0	57319842.0	1.4613376638407343
SRR1795200_2	49.788410900463255	50.0	9.090909090909092	49.0	57319842.0	2.8183028487761708
SRR1795201_1	40.05440516918093	50.0	27.27272727272727	49.0	53663341.0	2.949479384818772
SRR1795201_2	45.62955130236121	50.0	18.181818181818183	49.0	53663341.0	2.481622789755114
SRR1795202_1	50.470267589937365	50.0	18.181818181818183	48.0	57827604.0	1.4840417735446898
SRR1795202_2	46.96889973500367	50.0	18.181818181818183	48.0	57827604.0	2.9325857249766045
SRR1795203_1	40.62155607450661	50.0	27.27272727272727	48.0	52407254.0	2.9296583255440174
SRR1795203_2	45.909568486166165	50.0	18.181818181818183	48.0	52407254.0	2.5995947049620267
SRR1795204_1	48.113305827420525	50.0	9.090909090909092	48.0	51125129.0	1.5440508717347197
SRR1795204_2	47.769507362326394	50.0	9.090909090909092	48.0	51125129.0	2.2788169786329537
SRR1795205_1	49.78478406011961	50.0	9.090909090909092	49.0	52918377.0	1.4649333633191357
SRR1795205_2	48.74923210098762	50.0	18.181818181818183	49.0	52918377.0	2.492963606952647
SRR1795206_1	48.931235378098215	50.0	9.090909090909092	48.0	52715123.0	1.4487954054475032
SRR1795206_2	47.97881934008698	50.0	9.090909090909092	48.0	52715123.0	2.751194339430831
SRR1795207_1	33.472726244729586	49.1901237973204	10.0	48.0	54729456.0	1.2214025846557282
SRR1795207_2	46.04080582189882	49.68229126925727	10.0	48.0	54729456.0	0.978928176661549
SRR1795208_1	48.49959679436504	49.750767113792726	10.0	48.0	51822820.0	0.9828203325318015
SRR1795208_2	47.71704369749274	49.614087596931235	10.0	48.0	51822820.0	0.9814935805657785
SRR1795209_1	46.826695823725814	50.0	27.27272727272727	49.0	51324109.0	2.12988192352253
SRR1795209_2	48.45820138556157	50.0	9.090909090909092	49.0	51324109.0	2.740819212273125
SRR1795210_1	50.15888850085541	50.0	18.181818181818183	48.0	56367065.0	1.4464360704251678
SRR1795210_2	49.20564428331723	50.0	9.090909090909092	48.0	56367065.0	2.6938777812894816
SRR1795211_1	49.90059434955676	50.0	9.090909090909092	48.0	52404810.0	1.5672297256683116
SRR1795211_2	49.33752275714303	50.0	18.181818181818183	48.0	52404810.0	2.789850588142577
SRR1795212_1	47.78715784139857	50.0	27.27272727272727	49.0	53181296.0	2.1691146451188406
SRR1795212_2	48.67511396297344	50.0	9.090909090909092	49.0	53181296.0	2.623605261519012
SRR1795213_1	35.92329289225435	50.0	36.36363636363637	48.0	45824332.0	2.4776008082343677
SRR1795213_2	46.005549521728916	50.0	36.36363636363637	49.0	45824332.0	4.697078530244587
SRR1795214_1	27.269185573782053	50.0	18.181818181818183	48.0	50871457.0	1.8960078929919386
SRR1795214_2	45.16722666772108	50.0	36.36363636363637	48.0	50871457.0	4.914782094800233
SRR1795215_1	37.896375073645	50.0	36.36363636363637	48.0	52820634.0	2.4358202516084906
SRR1795215_2	48.00001513625403	50.0	36.36363636363637	49.0	52820634.0	4.764109268359028
SRR1795216_1	37.600990330384164	50.0	36.36363636363637	49.0	51159553.0	2.447087487257756
SRR1795216_2	47.078590317510084	50.0	36.36363636363637	49.0	51159553.0	4.751424235469766
SRR1795217_1	37.61504553566394	50.0	36.36363636363637	48.0	44954230.0	2.6913370332447024
SRR1795217_2	46.061201671999896	50.0	36.36363636363637	49.0	44954230.0	4.7942801823098735
SRR1795218_1	45.23444162154882	50.0	36.36363636363637	48.0	48642926.0	3.267066417838434
SRR1795218_2	46.79748049801737	50.0	36.36363636363637	48.0	48642926.0	4.9722436105097785
SRR1795219_1	35.71219278027132	50.0	36.36363636363637	49.0	45249638.0	2.560070381115535
SRR1795219_2	45.32075042241775	50.0	27.27272727272727	49.0	45249638.0	4.643372483996447
SRR1795220_1	43.31145372791044	50.0	36.36363636363637	49.0	44725194.0	3.1371380971539216
SRR1795220_2	45.18312280200802	50.0	27.27272727272727	49.0	44725194.0	4.542425953479374
SRR1795221_1	53.51993187513896	51.0	9.090909090909092	48.0	39536287.0	1.6816833033787466
SRR1795221_2	52.53424707497398	51.0	9.090909090909092	48.0	39536287.0	3.18523980013502
SRR1795222_1	53.5301987431503	51.0	9.090909090909092	47.0	42643875.0	1.6810181863577058
SRR1795222_2	52.26260553782191	51.0	9.090909090909092	47.0	42643875.0	3.270191998816464
SRR1795223_1	57.958281860035065	51.0	9.090909090909092	47.0	41448042.0	1.9761573051000132
SRR1795223_2	56.92319250616067	51.0	9.090909090909092	46.0	41448042.0	3.8378638763504176
SRR1795224_1	53.348380666255565	51.0	9.090909090909092	47.0	42050265.0	1.8067391676203166
SRR1795224_2	51.74606209376139	51.0	9.090909090909092	47.0	42050265.0	4.10983742768747
SRR1795225_1	54.1382261481975	51.0	9.090909090909092	47.0	39624609.0	1.8015324175705765
SRR1795225_2	52.78409191583078	51.0	9.090909090909092	47.0	39624609.0	3.29174448725271
SRR1795226_1	53.542203469499796	51.0	9.090909090909092	47.0	38995993.0	1.596897555150165
SRR1795226_2	51.9867208072607	51.0	9.090909090909092	47.0	38995993.0	3.293158712938713
SRR1795227_1	53.75643277279643	51.0	9.090909090909092	47.0	40761612.0	1.744527929568519
SRR1795227_2	52.64288089431821	51.0	9.090909090909092	47.0	40761612.0	3.5465109653064903
SRR1795228_1	56.25718239129706	51.0	9.090909090909092	47.0	42038040.0	1.7557085691631562
SRR1795228_2	53.892320012917075	51.0	18.181818181818183	47.0	42038040.0	4.2940803978827695
